(0, [1, 3, 5, 7, 15, 18, 19, 20])
(1, [1, 3, 5, 7, 10, 12, 14, 15, 18, 19, 20])
(2, [1, 3, 5, 7, 15, 18, 19, 20])
(3, [1, 3, 5, 7, 15, 18, 19, 20])
(4, [1, 3, 5, 7, 12, 14, 15, 17, 19, 20])
(5, [1, 3, 4, 6])
(6, [1, 3, 5, 7, 10, 12, 15, 18, 19, 20])
(7, [1, 3, 5, 7, 15, 18, 19, 20])
(8, [1, 3, 5, 7, 10, 12, 14, 15, 18, 19, 20])
(9, [1, 3, 5, 7, 12, 14, 15, 17, 19, 20])
(10, [1, 3, 5, 7, 9, 10, 12, 15, 18, 19, 20])
(11, [1, 3, 5, 7, 10, 12, 15, 18, 19, 20])
(12, [1, 3, 5, 7, 12, 14, 15, 18, 19, 20])
(13, [1, 3, 5, 7, 10, 12, 15, 18, 19, 20])
(14, [1, 3, 4, 6])
(15, [1, 3, 5, 7, 15, 18, 19, 20])
(16, [1, 3, 5, 7, 10, 12, 15, 18, 19, 20])
(17, [1, 3, 5, 7, 10, 12, 15, 18, 19, 20])
(18, [1, 3, 5, 7, 10, 12, 15, 18, 19, 20])
(19, [1, 3, 5, 7, 12, 14, 15, 17, 19, 20])
(20, [1, 3, 5, 7, 15, 18, 19, 20])
(21, [1, 3, 5, 7, 15, 18, 19, 20])
(22, [1, 3, 5, 7, 10, 12, 14, 15, 19, 20])
(23, [1, 3, 4, 6])
(24, [1, 3, 5, 7, 12, 14, 15, 17, 19, 20])
(25, [1, 3, 5, 7, 12, 14, 15, 18, 19, 20])
(26, [1, 3, 5, 7, 10, 12, 15, 18, 19, 20])
(27, [1, 3, 5, 7, 15, 18, 19, 20])
(28, [1, 3, 5, 7, 13, 15, 17, 19, 20])
(29, [1, 3, 5, 7, 10, 12, 14, 15, 19, 20])
(30, [1, 3, 5, 7, 10, 12, 15, 18, 19, 20])
(31, [1, 3, 5, 7, 15, 18, 19, 20])
(32, [1, 3, 5, 6])
(33, [1, 3, 5, 7, 13, 15, 17, 19, 20])
(34, [1, 3, 5, 7, 10, 12, 15, 18, 19, 20])
(35, [1, 3, 5, 7, 15, 18, 19, 20])
(36, [1, 3, 5, 7, 10, 12, 15, 18, 19, 20])
(37, [1, 3, 5, 7, 9, 10, 12, 15, 18, 19, 20])
(38, [1, 3, 5, 7, 15, 17, 19, 20])
(39, [1, 3, 5, 7, 10, 12, 14, 15, 16, 19, 20])
(40, [1, 3, 5, 7, 10, 12, 15, 18, 19, 20])
(41, [1, 3, 5, 6])
(42, [1, 3, 5, 7, 10, 12, 15, 17, 19, 20])
(43, [1, 3, 5, 7, 12, 14, 15, 18, 20])
(44, [1, 3, 5, 7, 15, 18, 19, 20])
(45, [1, 3, 5, 7, 10, 12, 15, 16, 19, 20])
(46, [1, 3, 5, 7, 10, 12, 15, 18, 19, 20])
(47, [1, 3, 5, 7, 15, 18, 19, 20])
(48, [1, 3, 5, 7, 10, 12, 15, 18, 19, 20])
(49, [1, 3, 5, 7, 9, 15, 18, 19, 20])
(50, [1, 3, 5, 6])
(51, [1, 3, 5, 7, 12, 14, 15, 18, 20])
(52, [1, 3, 5, 7, 10, 12, 15, 18, 19, 20])
(53, [1, 3, 5, 7, 13, 15, 17, 19, 20])
(54, [1, 3, 5, 7, 12, 14, 15, 17, 19, 20])
(55, [1, 3, 5, 7, 15, 18, 19, 20])
(56, [1, 3, 5, 7, 10, 12, 15, 16, 18, 19, 20])
(57, [1, 3, 5, 7, 12, 14, 15, 18, 20])
(58, [1, 3, 5, 7, 10, 12, 15, 18, 20])
(59, [1, 3, 6])
(60, [1, 3, 5, 7, 10, 12, 15, 18, 19, 20])
(61, [1, 3, 5, 7, 13, 15, 17, 19, 20])
(62, [1, 3, 5, 7, 10, 12, 14, 15, 18, 19, 20])
(63, [1, 3, 5, 7, 10, 12, 15, 18, 19, 20])
(64, [1, 3, 5, 7, 10, 12, 15, 17, 19, 20])
(65, [1, 3, 5, 7, 12, 14, 15, 17, 19, 20])
(66, [1, 3, 5, 7, 10, 12, 15, 18, 19, 20])
(67, [1, 3, 5, 7, 10, 12, 13, 15, 17, 19, 20])
(68, [1, 3, 6])
(69, [1, 3, 5, 7, 12, 14, 15, 18, 19, 20])
(70, [1, 3, 5, 7, 12, 14, 15, 17, 19, 20])
(71, [1, 3, 5, 7, 10, 12, 15, 18, 19, 20])
(72, [1, 3, 5, 7, 10, 12, 14, 15, 18, 19, 20])
(73, [1, 3, 5, 7, 10, 12, 15, 18, 19, 20])
(74, [1, 3, 5, 7, 15, 18, 19, 20])
(75, [1, 3, 5, 7, 12, 14, 15, 17, 19, 20])
(76, [1, 3, 5, 7, 10, 12, 15, 18, 19, 20])
(77, [1, 3, 6])
(78, [1, 3, 5, 7, 10, 12, 13, 15, 16, 18, 19, 20])
(79, [1, 3, 5, 7, 10, 12, 15, 18, 20])
(80, [1, 3, 5, 7, 10, 12, 14, 15, 18, 19, 20])
(81, [1, 3, 5, 7, 10, 12, 15, 18, 19, 20])
(82, [1, 3, 5, 7, 15, 18, 19, 20])
(83, [1, 3, 5, 7, 15, 18, 20])
(84, [1, 3, 5, 7, 15, 18, 19, 20])
(85, [1, 3, 5, 7, 15, 17, 19, 20])
(86, [1, 3, 6])
(87, [1, 3, 5, 7, 10, 12, 15, 16, 19, 20])
(88, [1, 3, 5, 7, 15, 18, 19, 20])
(89, [1, 3, 5, 7, 15, 18, 20])
(90, [1, 3, 5, 7, 10, 12, 15, 18, 20])
(91, [1, 3, 5, 7, 12, 14, 15, 18, 20])
(92, [1, 3, 5, 7, 10, 12, 15, 18, 19, 20])
(93, [1, 3, 5, 7, 15, 18, 19, 20])
(94, [1, 3, 5, 7, 10, 12, 15, 18, 19, 20])
(95, [1, 3, 6])
(96, [1, 3, 5, 7, 12, 14, 15, 18, 20])
(97, [1, 3, 5, 7, 15, 18, 19, 20])
(98, [1, 3, 5, 7, 15, 18, 19, 20])
(99, [1, 3, 5, 7, 12, 14, 15, 18, 20])
(100, [1, 3, 5, 7, 12, 14, 15, 17, 19, 20])
(101, [1, 3, 5, 7, 10, 12, 14, 15, 17, 19, 20])
(102, [1, 3, 5, 7, 10, 12, 14, 15, 18, 19, 20])
(103, [1, 3, 5, 7, 9, 10, 12, 15, 18, 19, 20])
(104, [1, 3, 6])
(105, [1, 3, 5, 7, 10, 12, 14, 15, 16, 19, 20])
(106, [1, 3, 5, 7, 10, 12, 15, 18, 19, 20])
(107, [1, 3, 5, 7, 10, 12, 15, 18, 19, 20])
(108, [1, 3, 5, 7, 10, 12, 14, 15, 17, 19, 20])
(109, [1, 3, 5, 7, 10, 12, 14, 15, 17, 19, 20])
(110, [1, 3, 5, 7, 10, 12, 15, 18, 19, 20])
(111, [1, 3, 5, 7, 10, 12, 15, 18, 19, 20])
(112, [1, 3, 5, 7, 10, 12, 15, 18, 19, 20])
(113, [1, 3, 6])
(114, [1, 3, 5, 7, 10, 12, 14, 15, 17, 19, 20])
(115, [1, 3, 5, 7, 10, 12, 15, 16, 18, 19, 20])
(116, [1, 3, 5, 7, 10, 12, 15, 18, 19, 20])
(117, [1, 2, 5, 7, 8, 10, 12, 14, 15, 17, 20])
(118, [1, 3, 6, 9, 12, 14, 15, 16, 20])
(119, [1, 3, 5, 10, 12, 15, 18, 19, 20])
(120, [1, 3, 5, 15, 18, 19, 20])
(121, [1, 3, 5, 12, 14, 15, 17, 19, 20])
(122, [1, 3, 5, 7, 10, 12, 15, 18, 19, 20])
(123, [1, 3, 6])
(124, [1, 3, 5, 15, 18, 19, 20])
(125, [1, 3, 5, 7, 10, 12, 15, 18, 20])
(126, [1, 3, 5, 7, 15, 18, 19, 20])
(127, [1, 3, 5, 7, 9, 10, 12, 13, 15, 17, 19, 20])
(128, [1, 3, 5, 7, 12, 14, 15, 17, 19, 20])
(129, [1, 3, 5, 7, 10, 12, 15, 18, 19, 20])
(130, [1, 3, 5, 12, 14, 15, 17, 19, 20])
(131, [1, 3, 5, 7, 10, 12, 14, 15, 18, 19, 20])
(132, [1, 3, 6])
(133, [1, 3, 5, 7, 10, 12, 15, 18, 19, 20])
(134, [1, 3, 5, 7, 10, 12, 15, 16, 19, 20])
(135, [1, 3, 5, 10, 12, 14, 15, 17, 19, 20])
(136, [1, 3, 5, 7, 13, 15, 18, 19, 20])
(137, [1, 3, 5, 7, 15, 18, 19, 20])
(138, [1, 3, 5, 7, 15, 17, 19, 20])
(139, [1, 3, 5, 12, 14, 15, 17, 19, 20])
(140, [1, 3, 5, 7, 10, 12, 15, 18, 19, 20])
(141, [1, 3, 6])
(142, [1, 3, 5, 7, 10, 12, 15, 18, 19, 20])
(143, [1, 3, 5, 10, 12, 14, 15, 17, 19, 20])
(144, [1, 3, 5, 7, 10, 12, 15, 18, 20])
(145, [1, 3, 5, 7, 15, 18, 19, 20])
(146, [1, 3, 5, 7, 10, 12, 14, 15, 18, 19, 20])
(147, [1, 3, 5, 15, 18, 19, 20])
(148, [1, 3, 5, 7, 10, 12, 13, 15, 18, 19, 20])
(149, [1, 3, 5, 12, 14, 15, 18, 20])
(150, [1, 3, 6])
(151, [1, 3, 5, 12, 14, 15, 17, 19, 20])
(152, [1, 3, 5, 7, 15, 18, 19, 20])
(153, [1, 3, 5, 15, 18, 19, 20])
(154, [1, 3, 5, 7, 12, 14, 15, 18, 20])
(155, [1, 3, 5, 7, 10, 12, 15, 18, 19, 20])
(156, [1, 3, 5, 7, 9, 10, 12, 15, 18, 19, 20])
(157, [1, 3, 4, 7, 13, 15, 18, 20])
(158, [1, 3, 4, 7, 8, 10, 15, 18, 20])
(159, [1, 3, 4, 7, 10, 12, 15, 18, 20])
(160, [1, 3, 6])
(161, [1, 3, 4, 7, 13, 15, 18, 20])
(162, [1, 3, 4, 7, 8, 10, 15, 17, 20])
(163, [1, 3, 4, 7, 8, 10, 16, 18, 20])
(164, [1, 3, 4, 6, 13, 15, 18, 20])
(165, [1, 3, 4, 6, 15, 17, 20])
(166, [1, 3, 4, 6, 13, 15, 16, 18, 20])
(167, [1, 3, 4, 7, 15, 17, 20])
(168, [1, 3, 4, 6, 15, 18, 20])
(169, [1, 3, 6])
(170, [1, 3, 4, 7, 10, 12, 15, 18, 20])
(171, [1, 3, 4, 7, 15, 18, 20])
(172, [1, 3, 4, 6, 15, 18, 20])
(173, [1, 3, 4, 7, 8, 10, 13, 15, 16, 18, 20])
(174, [1, 3, 4, 7, 15, 18, 20])
(175, [1, 3, 4, 6, 15, 18, 20])
(176, [1, 3, 4, 6, 15, 18, 20])
(177, [1, 3, 4, 7, 13, 15, 18, 20])
(178, [1, 3, 6])
(179, [1, 3, 4, 7, 8, 10, 15, 17, 20])
(180, [1, 3, 4, 7, 8, 10, 12, 15, 18, 20])
(181, [1, 3, 4, 7, 15, 18, 20])
(182, [1, 3, 4, 7, 8, 10, 15, 17, 20])
(183, [1, 3, 4, 6, 10, 12, 15, 18, 19, 20])
(184, [1, 3, 4, 7, 10, 12, 15, 18, 20])
(185, [1, 3, 4, 7, 15, 18, 20])
(186, [1, 3, 4, 7, 8, 10, 15, 17, 20])
(187, [1, 3, 6])
(188, [1, 3, 4, 7, 8, 10, 12, 15, 18, 20])
(189, [1, 3, 4, 6, 13, 15, 18, 20])
(190, [1, 3, 4, 7, 8, 10, 20])
(191, [1, 3, 4, 7, 8, 10, 16, 18, 20])
(192, [1, 3, 4, 6, 15, 17, 20])
(193, [1, 3, 4, 7, 8, 10, 15, 18, 20])
(194, [1, 3, 4, 6, 16, 18, 20])
(195, [1, 3, 4, 6, 15, 17, 20])
(196, [1, 3, 6])
(197, [1, 3, 4, 7, 8, 10, 15, 17, 20])
(198, [1, 3, 4, 7, 8, 10, 13, 15, 17, 19, 20])
(199, [1, 3, 4, 7, 10, 12, 15, 18, 20])
(200, [1, 3, 4, 6, 15, 18, 20])
(201, [1, 3, 4, 6, 13, 15, 16, 18, 20])
(202, [1, 3, 4, 7, 13, 15, 18, 20])
(203, [1, 3, 4, 7, 8, 10, 15, 18, 20])
(204, [1, 3, 4, 7, 8, 10, 12, 15, 18, 20])
(205, [1, 3, 6])
(206, [1, 3, 4, 7, 13, 15, 17, 20])
(207, [1, 3, 4, 7, 8, 10, 15, 17, 20])
(208, [1, 3, 4, 6, 10, 12, 15, 18, 20])
(209, [1, 3, 4, 7, 8, 10, 16, 18, 20])
(210, [1, 3, 4, 6, 15, 17, 20])
(211, [1, 3, 4, 6, 16, 18, 20])
(212, [1, 3, 4, 7, 8, 10, 12, 15, 18, 20])
(213, [1, 3, 4, 7, 13, 15, 18, 20])
(214, [1, 3, 6])
(215, [1, 3, 4, 6, 15, 17, 20])
(216, [1, 3, 4, 6, 10, 12, 15, 18, 20])
(217, [1, 3, 4, 7, 13, 15, 18, 20])
(218, [1, 3, 4, 7, 15, 18, 20])
(219, [1, 3, 4, 6, 13, 15, 16, 18, 20])
(220, [1, 3, 4, 7, 13, 15, 18, 20])
(221, [1, 3, 4, 7, 8, 10, 15, 17, 19, 20])
(222, [1, 3, 4, 7, 8, 10, 12, 15, 18, 20])
(223, [1, 3, 6])
(224, [1, 3, 4, 6, 13, 15, 18, 20])
(225, [1, 3, 4, 7, 8, 10, 13, 15, 18, 20])
(226, [1, 3, 4, 6, 13, 15, 16, 18, 20])
(227, [1, 3, 4, 7, 13, 15, 18, 20])
(228, [1, 3, 4, 7, 13, 15, 18, 20])
(229, [1, 3, 4, 6, 20])
(230, [1, 3, 4, 7, 13, 15, 18, 20])
(231, [1, 3, 4, 7, 15, 18, 20])
(232, [1, 3, 6])
(233, [1, 3, 4, 7, 10, 12, 15, 18, 20])
(234, [1, 3, 4, 7, 13, 15, 18, 20])
(235, [1, 3, 4, 7, 8, 10, 16, 18, 20])
(236, [1, 3, 4, 7, 8, 10, 16, 18, 20])
(237, [1, 3, 4, 6, 15, 18, 20])
(238, [1, 3, 4, 7, 8, 10, 15, 18, 20])
(239, [1, 3, 4, 7, 8, 10, 12, 15, 18, 20])
(240, [1, 3, 4, 6, 15, 17, 20])
(241, [1, 3, 6])
(242, [1, 3, 4, 7, 8, 10, 20])
(243, [1, 3, 4, 7, 8, 10, 13, 15, 16, 18, 20])
(244, [1, 3, 4, 6, 13, 15, 18, 20])
(245, [1, 3, 4, 7, 8, 10, 15, 18, 20])
(246, [1, 3, 4, 7, 8, 10, 13, 15, 16, 18, 20])
(247, [1, 3, 4, 6, 13, 15, 18, 20])
(248, [1, 3, 4, 7, 8, 10, 20])
(249, [1, 3, 4, 6, 10, 12, 15, 18, 20])
(250, [1, 3, 6])
(251, [1, 3, 4, 6, 13, 15, 18, 20])
(252, [1, 3, 4, 7, 8, 10, 15, 18, 20])
(253, [1, 3, 4, 6, 13, 15, 16, 18, 20])
(254, [1, 3, 4, 6, 13, 15, 18, 20])
(255, [1, 3, 4, 7, 8, 10, 15, 17, 20])
(256, [1, 3, 4, 7, 8, 10, 16, 18, 20])
(257, [1, 3, 4, 6, 15, 18, 20])
(258, [1, 3, 4, 7, 8, 10, 15, 17, 20])
(259, [1, 3, 5, 6])
(260, [1, 3, 4, 7, 10, 12, 15, 18, 20])
(261, [1, 3, 4, 7, 8, 10, 12, 15, 18, 20])
(262, [1, 3, 4, 7, 13, 15, 18, 20])
(263, [1, 3, 4, 7, 8, 10, 15, 18, 20])
(264, [1, 3, 4, 7, 15, 18, 20])
(265, [1, 3, 4, 7, 13, 15, 18, 20])
(266, [1, 3, 4, 6, 15, 17, 20])
(267, [1, 3, 4, 6, 16, 18, 20])
(268, [1, 3, 5, 6])
(269, [1, 3, 4, 7, 13, 15, 18, 20])
(270, [1, 3, 4, 7, 13, 15, 18, 20])
(271, [1, 3, 4, 7, 10, 12, 15, 18, 20])
(272, [1, 3, 4, 7, 13, 15, 18, 20])
(273, [1, 3, 4, 6, 15, 18, 20])
(274, [1, 3, 4, 7, 8, 10, 20])
(275, [1, 3, 4, 7, 15, 17])
(276, [1, 3, 4, 7, 20])
(277, [1, 3, 6])
(278, [1, 3, 5, 7, 10, 12, 15, 18, 20])
(279, [1, 3, 5, 7, 15, 18, 20])
(280, [1, 3, 5, 15, 18, 20])
(281, [1, 3, 5, 13, 15, 16, 18, 20])
(282, [1, 3, 5, 7, 20])
(283, [1, 3, 5, 15, 17, 20])
(284, [1, 3, 5, 7, 10, 12, 15, 18, 20])
(285, [1, 3, 5, 7, 15, 17, 20])
(286, [1, 3, 6])
(287, [1, 3, 5, 15, 18, 20])
(288, [1, 3, 5, 10, 12, 15, 18, 20])
(289, [1, 3, 5, 7, 13, 15, 18, 20])
(290, [1, 3, 5, 10, 12, 15, 18, 20])
(291, [1, 3, 5, 7, 15, 18, 20])
(292, [1, 3, 5, 7, 13, 15, 18, 20])
(293, [1, 3, 5, 10, 12, 15, 18, 20])
(294, [1, 3, 5, 7, 8, 10, 16, 18, 20])
(295, [1, 3, 6])
(296, [1, 3, 5, 7, 15, 18, 20])
(297, [1, 3, 5, 15, 18, 20])
(298, [1, 3, 5, 7, 8, 10, 12, 15, 18, 20])
(299, [1, 3, 5, 15, 18, 20])
(300, [1, 3, 5, 15, 17, 18, 20])
(301, [1, 3, 5, 10, 12, 15, 18, 20])
(302, [1, 3, 5, 7, 15, 18, 20])
(303, [1, 3, 5, 16, 18, 20])
(304, [1, 3, 6])
(305, [1, 3, 5, 7, 10, 12, 15, 17, 20])
(306, [1, 3, 5, 7, 13, 15, 18, 20])
(307, [1, 3, 5, 7, 15, 17, 20])
(308, [1, 3, 5, 7, 8, 10, 16, 18, 20])
(309, [1, 3, 5, 13, 15, 18, 20])
(310, [1, 3, 5, 7, 8, 10, 15, 18, 20])
(311, [1, 3, 5, 7, 8, 10, 12, 15, 18, 20])
(312, [1, 3, 5, 7, 15, 18, 20])
(313, [1, 3, 6])
(314, [1, 3, 5, 7, 8, 10, 15, 18, 20])
(315, [1, 3, 5, 13, 15, 16, 18, 20])
(316, [1, 3, 5, 13, 15, 18, 20])
(317, [1, 3, 5, 15, 17, 20])
(318, [1, 3, 5, 7, 8, 10, 13, 15, 16, 18, 20])
(319, [1, 3, 5, 7, 13, 15, 18, 20])
(320, [1, 3, 5, 7, 15, 17, 19, 20])
(321, [1, 3, 5, 13, 15, 16, 18, 20])
(322, [1, 3, 6])
(323, [1, 3, 5, 7, 20])
(324, [1, 3, 5, 15, 18, 20])
(325, [1, 3, 5, 10, 12, 15, 18, 20])
(326, [1, 3, 5, 7, 13, 15, 18, 20])
(327, [1, 3, 5, 7, 8, 10, 20])
(328, [1, 3, 5, 13, 15, 16, 18, 20])
(329, [1, 3, 5, 7, 13, 15, 17, 20])
(330, [1, 3, 5, 7, 8, 10, 15, 18, 20])
(331, [1, 3, 6])
(332, [1, 3, 5, 16, 18, 20])
(333, [1, 3, 5, 7, 15, 18, 20])
(334, [1, 3, 5, 7, 8, 10, 20])
(335, [1, 3, 5, 7, 8, 10, 12, 15, 18, 20])
(336, [1, 3, 5, 20])
(337, [1, 3, 5, 7, 8, 10, 15, 18, 20])
(338, [1, 3, 5, 7, 8, 10, 12, 15, 18, 20])
(339, [1, 3, 5, 7, 15, 18, 20])
(340, [1, 3, 6])
(341, [1, 3, 5, 7, 8, 10, 12, 15, 18, 20])
(342, [1, 3, 5, 13, 15, 16, 18, 20])
(343, [1, 3, 5, 7, 10, 12, 15, 17])
(344, [1, 3, 5, 13, 15, 18, 20])
(345, [1, 3, 5, 7, 10, 12, 15, 18, 20])
(346, [1, 3, 5, 7, 15, 18, 20])
(347, [1, 3, 5, 15, 17, 20])
(348, [1, 3, 5, 20])
(349, [1, 3, 6])
(350, [1, 3, 5, 15, 18, 20])
(351, [1, 3, 5, 15, 18, 20])
(352, [1, 3, 5, 7, 13, 15, 16, 18, 20])
(353, [1, 3, 5, 7, 15, 18, 20])
(354, [1, 3, 5, 7, 8, 10, 15, 18, 20])
(355, [1, 3, 5, 7, 8, 10, 13, 15, 16, 18, 20])
(356, [1, 3, 5, 13, 15, 18, 20])
(357, [1, 3, 5, 7, 8, 10, 20])
(358, [1, 3, 6])
(359, [1, 3, 5, 13, 15, 16, 18, 20])
(360, [1, 3, 5, 7, 13, 15, 18, 20])
(361, [1, 3, 5, 7, 15, 17, 20])
(362, [1, 3, 5, 7, 13, 15, 16, 18, 20])
(363, [1, 3, 5, 7, 20])
(364, [1, 3, 5, 15, 18, 20])
(365, [1, 3, 5, 15, 18, 20])
(366, [1, 3, 5, 7, 10, 12, 15, 18, 20])
(367, [1, 3, 6])
(368, [1, 3, 5, 7, 8, 10, 15, 17, 20])
(369, [1, 3, 5, 13, 15, 16, 18, 20])
(370, [1, 3, 5, 20])
(371, [1, 3, 5, 7, 15, 18, 20])
(372, [1, 3, 5, 7, 8, 10, 13, 15, 16, 18, 20])
(373, [1, 3, 5, 7, 13, 15, 18, 20])
(374, [1, 3, 5, 15, 17, 19, 20])
(375, [1, 3, 5, 13, 15, 16, 18, 20])
(376, [1, 3, 6])
(377, [1, 3, 5, 7, 15, 18, 20])
(378, [1, 3, 5, 15, 18, 20])
(379, [1, 3, 5, 13, 15, 16, 18, 20])
(380, [1, 3, 5, 20])
(381, [1, 3, 5, 7, 10, 12, 15, 18, 20])
(382, [1, 3, 5, 7, 15, 18, 20])
(383, [1, 3, 5, 15, 17, 20])
(384, [1, 3, 5, 13, 15, 16, 18, 20])
(385, [1, 3, 6])
(386, [1, 3, 5, 7, 10, 12, 15, 18, 20])
(387, [1, 3, 5, 7, 8, 10, 20])
(388, [1, 3, 5, 13, 15, 16, 18, 20])
(389, [1, 3, 5, 7, 15, 18, 20])
(390, [1, 3, 5, 15, 18, 20])
(391, [1, 3, 5, 10, 12, 15, 18, 20])
(392, [1, 3, 5, 7, 13, 15, 18, 20])
(393, [1, 3, 5, 10, 12, 15, 18, 20])
(394, [1, 3, 6])
(395, [1, 3, 5, 10, 12, 15, 18, 20])
(396, [1, 3, 5, 7, 13, 15, 18, 20])
(397, [1, 3, 5, 7, 8, 10, 15, 18, 20])
(398, [1, 3, 5, 13, 15, 16, 18, 20])
(399, [1, 3, 5, 7, 15, 18, 20])
(400, [1, 3, 5, 20])
(401, [1, 3, 5, 7, 10, 12, 15, 18, 20])
(402, [1, 3, 5, 7, 15, 18, 20])
(403, [1, 3, 6])
(404, [1, 3, 5, 15, 18, 20])
(405, [1, 3, 5, 13, 15, 16, 18, 20])
(406, [1, 3, 5, 7, 15, 17, 18, 20])
(407, [1, 3, 5, 7, 8, 10, 16, 18, 20])
(408, [1, 3, 5, 7, 8, 10, 16, 18, 20])
(409, [1, 3, 5, 15, 18, 20])
(410, [1, 3, 5, 15, 17, 20])
(411, [1, 3, 5, 7, 8, 10, 13, 15, 18, 20])
(412, [1, 3, 6])
(413, [1, 3, 5, 7, 15, 18, 20])
(414, [1, 3, 5, 15, 17, 20])
(415, [1, 3, 5, 13, 15, 16, 18, 20])
(416, [1, 3, 5, 7, 10, 12, 15, 18, 20])
(417, [1, 3, 5, 20])
(418, [1, 3, 5, 7, 10, 12, 15, 18, 20])
(419, [1, 3, 5, 7, 15, 17, 20])
(420, [1, 3, 5, 15, 18, 20])
(421, [1, 3, 6])
(422, [1, 3, 5, 7, 8, 10, 16, 18, 20])
(423, [1, 3, 5, 7, 13, 15, 18, 20])
(424, [1, 3, 5, 15, 17, 20])
(425, [1, 3, 5, 16, 18, 20])
(426, [1, 3, 5, 7, 20])
(427, [1, 3, 5, 15, 18, 20])
(428, [1, 3, 5, 7, 13, 15, 16, 18, 20])
(429, [1, 3, 5, 7, 10, 12, 15, 18, 20])
(430, [1, 3, 6])
(431, [1, 3, 5, 15, 18, 20])
(432, [1, 3, 5, 7, 10, 12, 15, 18, 20])
(433, [1, 3, 5, 7, 15, 18, 20])
(434, [1, 3, 5, 7, 8, 10, 14, 16, 18, 20])
(435, [1, 3, 5, 7, 16, 18, 20])
(436, [1, 3, 5, 15, 18, 20])
(437, [1, 3, 5, 7, 8, 10, 15, 17, 20])
(438, [1, 3, 5, 10, 12, 15, 18, 20])
(439, [1, 3, 6])
(440, [1, 3, 5, 7, 15, 17])
(441, [1, 3, 5, 15, 18, 20])
(442, [1, 3, 5, 16, 18, 20])
(443, [1, 3, 5, 7, 15, 17, 20])
(444, [1, 3, 5, 7, 10, 12, 15, 18, 20])
(445, [1, 3, 5, 10, 12, 15, 18, 20])
(446, [1, 3, 5, 7, 15, 18, 20])
(447, [1, 3, 5, 10, 12, 15, 18, 20])
(448, [1, 3, 6])
(449, [1, 3, 5, 7, 10, 12, 15, 17])
(450, [1, 3, 5, 15, 18, 20])
(451, [1, 3, 5, 13, 15, 16, 18, 20])
(452, [1, 3, 5, 7, 10, 12, 15, 18, 20])
(453, [1, 3, 5, 7, 8, 10, 20])
(454, [1, 3, 5, 7, 8, 10, 16, 18, 20])
(455, [1, 3, 5, 15, 18, 20])
(456, [1, 3, 5, 7, 8, 10, 15, 18, 20])
(457, [1, 3, 6])
(458, [1, 3, 5, 16, 18, 20])
(459, [1, 3, 5, 15, 18, 20])
(460, [1, 3, 5, 7, 8, 10, 15, 18, 20])
(461, [1, 3, 5, 10, 12, 15, 18, 20])
(462, [1, 3, 5, 7, 10, 12, 15, 18, 20])
(463, [1, 3, 5, 15, 17, 20])
(464, [1, 3, 5, 10, 12, 15, 18, 20])
(465, [1, 3, 5, 7, 10, 12, 15, 18, 20])
(466, [1, 3, 6])
(467, [1, 3, 5, 7, 10, 12, 20])
(468, [1, 3, 5, 16, 18, 20])
(469, [1, 3, 5, 7, 15, 17, 18, 20])
(470, [1, 3, 5, 15, 18, 20])
(471, [1, 3, 5, 16, 18, 20])
(472, [1, 3, 5, 7, 10, 12, 15, 17])
(473, [1, 3, 5, 7, 13, 15, 18, 20])
(474, [1, 3, 5, 10, 12, 15, 18, 20])
(475, [1, 3, 6])
(476, [1, 3, 5, 7, 20])
(477, [1, 3, 5, 7, 15, 17, 20])
(478, [1, 3, 5, 16, 18, 20])
(479, [1, 3, 5, 7, 13, 15, 17, 20])
(480, [1, 3, 5, 15, 17, 20])
(481, [1, 3, 5, 13, 15, 16, 18, 20])
(482, [1, 3, 5, 7, 15, 17])
(483, [1, 3, 5, 16, 18, 20])
(484, [1, 3, 6])
(485, [1, 3, 5, 13, 15, 16, 18, 20])
(486, [1, 3, 5, 7, 15, 18, 20])
(487, [1, 3, 5, 7, 13, 15, 18, 20])
(488, [1, 3, 5, 7, 8, 10, 16, 18, 20])
(489, [1, 3, 5, 15, 18, 20])
(490, [1, 3, 5, 7, 15, 18, 20])
(491, [1, 3, 5, 16, 18, 20])
(492, [1, 3, 5, 7, 10, 12, 13, 15, 16, 18, 20])
(493, [1, 3, 6])
(494, [1, 3, 5, 15, 18, 20])
(495, [1, 3, 5, 7, 10, 12, 15, 18, 20])
(496, [1, 3, 5, 7, 10, 12, 13, 15, 18, 20])
(497, [1, 3, 5, 7, 8, 10, 16, 18, 20])
(498, [1, 3, 5, 15, 17, 20])
(499, [1, 3, 5, 7, 13, 15, 18, 20])
(500, [1, 3, 5, 7, 8, 10, 13, 15, 16, 18, 20])
(501, [1, 3, 5, 7, 15, 18, 20])
(502, [1, 3, 6])
(503, [1, 3, 5, 7, 8, 10, 13, 15, 18, 20])
(504, [1, 3, 5, 13, 15, 16, 18, 20])
(505, [1, 3, 5, 7, 10, 12, 15, 18, 20])
(506, [1, 3, 5, 7, 13, 15, 18, 20])
(507, [1, 3, 5, 16, 18, 20])
(508, [1, 3, 5, 15, 18, 20])
(509, [1, 3, 5, 13, 15, 18, 20])
(510, [1, 3, 5, 13, 15, 16, 18, 20])
(511, [1, 3, 6])
(512, [1, 3, 5, 7, 15, 18, 20])
(513, [1, 3, 5, 15, 17, 20])
(514, [1, 3, 5, 16, 18, 20])
(515, [1, 3, 5, 7, 10, 12, 15, 18, 20])
(516, [1, 3, 5, 7, 8, 10, 15, 17, 20])
(517, [1, 3, 5, 7, 13, 15, 16, 18, 20])
(518, [1, 3, 5, 7, 10, 12, 15, 18, 20])
(519, [1, 3, 5, 7, 15, 17, 20])
(520, [1, 3, 6])
(521, [1, 3, 5, 7, 13, 15, 16, 18, 20])
(522, [1, 3, 5, 7, 16, 18, 20])
(523, [1, 3, 5, 7, 20])
(524, [1, 3, 5, 16, 18, 20])
(525, [1, 3, 5, 7, 10, 12, 15, 18, 20])
(526, [1, 3, 5, 7, 15, 18, 20])
(527, [1, 3, 5, 7, 10, 12, 15, 18, 20])
(528, [1, 3, 5, 7, 15, 17, 20])
(529, [1, 3, 6])
(530, [1, 3, 5, 7, 8, 10, 15, 17, 20])
(531, [1, 3, 5, 7, 10, 12, 15, 18, 20])
(532, [1, 3, 5, 7, 10, 12, 15, 18, 20])
(533, [1, 3, 5, 7, 13, 15, 18, 20])
(534, [1, 3, 5, 7, 10, 12, 15, 18, 20])
(535, [1, 3, 5, 7, 20])
(536, [1, 3, 5, 15, 18, 20])
(537, [1, 3, 5, 13, 15, 16, 18, 20])
(538, [1, 3, 6])
(539, [1, 3, 5, 7, 10, 12, 15, 18, 20])
(540, [1, 3, 5, 7, 15, 18, 20])
(541, [1, 3, 5, 7, 10, 12, 15, 18, 20])
(542, [1, 3, 5, 7, 10, 12, 15, 18, 20])
(543, [1, 3, 5, 7, 15, 18, 20])
(544, [1, 3, 5, 15, 18, 20])
(545, [1, 3, 5, 7, 10, 12, 15, 17])
(546, [1, 3, 5, 7, 13, 15, 18, 20])
(547, [1, 3, 6])
(548, [1, 3, 5, 10, 12, 15, 18, 20])
(549, [1, 3, 5, 7, 10, 12, 15, 18, 20])
(550, [1, 3, 5, 7, 15, 18, 20])
(551, [1, 3, 5, 7, 10, 12, 15, 18, 20])
(552, [1, 3, 5, 15, 18, 20])
(553, [1, 3, 5, 7, 8, 10, 12, 15, 18, 20])
(554, [1, 3, 5, 7, 10, 12, 15, 18, 20])
(555, [1, 3, 5, 7, 15, 18, 20])
(556, [1, 3, 6])
(557, [1, 3, 5, 10, 12, 15, 18, 20])
(558, [1, 3, 5, 7, 15, 18, 20])
(559, [1, 3, 5, 7, 10, 12, 15, 18, 20])
(560, [1, 3, 5, 16, 18, 20])
(561, [1, 3, 5, 7, 10, 12, 15, 18, 20])
(562, [1, 3, 5, 7, 10, 12, 15, 18, 20])
(563, [1, 3, 5, 20])
(564, [1, 3, 5, 7, 10, 12, 15, 18, 20])
(565, [1, 3, 6])
(566, [1, 3, 5, 7, 10, 12, 15, 18, 20])
(567, [1, 3, 5, 7, 8, 10, 20])
(568, [1, 3, 5, 7, 10, 12, 15, 18, 20])
(569, [1, 3, 10, 12, 15, 18, 20])
(570, [1, 3, 5, 7, 8, 10, 16, 18, 20])
(571, [1, 3, 5, 7, 10, 12, 15, 18, 20])
(572, [1, 3, 5, 7, 15, 18, 20])
(573, [1, 3, 5, 7, 10, 12, 15, 18, 20])
(574, [1, 3, 6])
(575, [1, 3, 5, 7, 15, 18, 20])
(576, [1, 3, 15, 18, 20])
(577, [1, 3, 10, 12, 15, 18, 20])
(578, [1, 3, 5, 7, 15, 18, 20])
(579, [1, 3, 5, 7, 8, 10, 15, 17, 18, 20])
(580, [1, 3, 16, 18, 20])
(581, [1, 3, 5, 7, 10, 12, 16, 18, 20])
(582, [1, 3, 13, 15, 18, 20])
(583, [1, 3, 6])
(584, [1, 3, 16, 18, 20])
(585, [1, 3, 5, 7, 10, 12, 15, 18, 20])
(586, [1, 3, 15, 18, 20])
(587, [1, 3, 5, 7, 10, 12, 15, 18, 20])
(588, [1, 3, 5, 7, 20])
(589, [1, 3, 5, 15, 18, 20])
(590, [1, 3, 5, 20])
(591, [1, 3, 5, 7, 15, 18, 20])
(592, [1, 3, 6])
(593, [1, 3, 5, 10, 12, 20])
(594, [1, 3, 5, 16, 18, 20])
(595, [1, 3, 5, 7, 10, 12, 15, 18, 20])
(596, [1, 3, 5, 7, 15, 18, 20])
(597, [1, 3, 5, 16, 18, 20])
(598, [1, 3, 5, 7, 15, 17, 20])
(599, [1, 3, 5, 7, 15, 17, 20])
(600, [1, 3, 5, 13, 15, 16, 18, 20])
(601, [1, 3, 6])
(602, [1, 3, 5, 7, 13, 15, 18, 20])
(603, [1, 3, 5, 7, 10, 12, 15, 18, 20])
(604, [1, 3, 5, 7, 13, 15, 17, 18, 20])
(605, [1, 3, 5, 7, 20])
(606, [1, 3, 5, 10, 12, 15, 18, 20])
(607, [1, 3, 5, 7, 13, 15, 18, 20])
(608, [1, 3, 5, 7, 15, 17, 20])
(609, [1, 3, 5, 13, 15, 16, 18, 20])
(610, [1, 3, 6])
(611, [1, 3, 5, 7, 15, 18, 20])
(612, [1, 3, 5, 15, 18, 20])
(613, [1, 3, 5, 10, 12, 15, 18, 20])
(614, [1, 3, 5, 7, 10, 12, 15, 17])
(615, [1, 3, 5, 7, 15, 17, 20])
(616, [1, 3, 5, 7, 10, 12, 15, 18, 20])
(617, [1, 3, 5, 7, 16, 18, 20])
(618, [1, 3, 5, 15, 18, 20])
(619, [1, 3, 6])
(620, [1, 3, 5, 16, 18, 20])
(621, [1, 3, 5, 7, 13, 15, 18, 20])
(622, [1, 3, 5, 15, 18, 20])
(623, [1, 3, 5, 20])
(624, [1, 3, 5, 7, 10, 12, 13, 15, 16, 17])
(625, [1, 3, 5, 15, 18, 20])
(626, [1, 3, 5, 20])
(627, [1, 3, 5, 7, 10, 12, 15, 18, 20])
(628, [1, 3, 6])
(629, [1, 3, 5, 7, 8, 10, 15, 18, 20])
(630, [1, 3, 5, 10, 12, 15, 18, 20])
(631, [1, 3, 5, 7, 10, 12, 15, 18, 20])
(632, [1, 3, 5, 20])
(633, [1, 3, 5, 7, 8, 10, 12, 15, 18, 20])
(634, [1, 3, 5, 7, 13, 15, 17])
(635, [1, 3, 5, 13, 15, 18, 20])
(636, [1, 3, 5, 7, 10, 12, 15, 18, 20])
(637, [1, 3, 6])
(638, [1, 3, 5, 7, 15, 18, 20])
(639, [1, 3, 5, 15, 18, 20])
(640, [1, 3, 5, 7, 10, 12, 15, 18, 20])
(641, [1, 3, 5, 7, 15, 18, 20])
(642, [1, 3, 5, 16, 18, 20])
(643, [1, 3, 5, 7, 13, 15, 16, 18, 20])
(644, [1, 3, 5, 7, 15, 18, 20])
(645, [1, 3, 5, 7, 15, 18, 20])
(646, [1, 3, 6])
(647, [1, 3, 5, 16, 18, 20])
(648, [1, 3, 5, 7, 15, 18, 20])
(649, [1, 3, 5, 7, 15, 18, 20])
(650, [1, 3, 5, 10, 12, 15, 18, 20])
(651, [1, 3, 5, 7, 15, 18, 20])
(652, [1, 3, 5, 7, 10, 12, 15, 18, 20])
(653, [1, 3, 5, 13, 15, 18, 20])
(654, [1, 3, 5, 7, 13, 15, 17, 20])
(655, [1, 3, 6])
(656, [1, 3, 5, 7, 13, 15, 18, 20])
(657, [1, 3, 5, 10, 12, 15, 18, 20])
(658, [1, 3, 5, 7, 15, 18, 20])
(659, [1, 3, 5, 7, 10, 12, 15, 18, 20])
(660, [1, 3, 5, 7, 10, 12, 15, 18, 20])
(661, [1, 3, 5, 7, 15, 17])
(662, [1, 3, 5, 7, 13, 15, 18, 20])
(663, [1, 3, 5, 7, 10, 12, 15, 18, 20])
(664, [1, 3, 6])
(665, [1, 3, 5, 13, 15, 17, 20])
(666, [1, 3, 5, 7, 8, 10, 15, 18, 20])
(667, [1, 3, 5, 10, 12, 15, 18, 20])
(668, [1, 3, 5, 7, 15, 17, 20])
(669, [1, 3, 5, 15, 18, 20])
(670, [1, 3, 5, 7, 10, 12, 13, 15, 16, 18, 20])
(671, [1, 3, 5, 7, 13, 15, 18, 20])
(672, [1, 3, 5, 15, 18, 20])
(673, [1, 3, 6])
(674, [1, 3, 5, 7, 10, 12, 15, 18, 20])
(675, [1, 3, 5, 7, 13, 15, 18, 20])
(676, [1, 3, 5, 15, 17, 20])
(677, [1, 3, 5, 7, 10, 12, 15, 18, 20])
(678, [1, 3, 5, 7, 10, 12, 15, 18, 20])
(679, [1, 3, 5, 15, 18, 20])
(680, [1, 3, 5, 16, 18, 20])
(681, [1, 3, 5, 7, 15, 17])
(682, [1, 2, 3, 6, 8, 10, 13, 15, 18, 20])
(683, [1, 3, 4, 7, 8, 11, 12, 14, 15, 16])
(684, [1, 3, 5, 6, 9, 12, 14, 17, 20])
(685, [1, 4, 6])
(686, [1, 2, 4, 6])
(687, [1, 2, 4, 6])
(688, [1, 2, 3, 6, 8, 10, 13, 15, 16, 18, 20])
(689, [1, 3, 4, 6])
