(0, [1, 2, 4, 5, 7, 8, 15, 18, 19, 21, 23, 26, 29, 31, 34, 35, 39, 42, 43, 44])
(1, [1, 2, 4, 5, 7, 8, 12, 14, 15, 18, 19, 21, 23, 26, 27, 31, 34, 35, 36, 38, 39, 42, 43, 44])
(2, [1, 3, 5, 7, 8, 15, 18, 19, 23, 26, 27, 31, 34, 35, 36])
(3, [1, 3, 5, 7, 8, 15, 18, 19, 23, 26, 27, 28])
(4, [1, 3, 5, 7, 12, 14, 15, 17, 19, 20])
(5, [3, 4, 6])
(6, [1, 3, 5, 7, 8, 11, 13, 15, 18, 19, 23, 26, 27, 31, 34, 35, 39, 42, 43, 47, 51, 55, 59, 60])
(7, [1, 3, 5, 7, 8, 15, 18, 23, 26, 27, 28, 30, 31, 34, 39, 42, 47, 50, 51, 53, 55, 58, 60])
(8, [1, 2, 3, 5, 7, 8, 15, 19, 21, 23, 26, 27, 31, 34, 35, 37, 39, 40, 43, 44])
(9, [1, 3, 5, 7, 8, 13, 15, 17, 19, 23, 24, 27, 28])
(10, [1, 3, 5, 7, 9, 11, 13, 15, 18, 19, 23, 26, 31, 34, 37, 39, 42, 43, 45, 47, 51, 53, 55, 58, 59, 61, 63, 66, 71, 74, 76, 78, 79, 82, 87, 90, 95, 98, 99, 101, 103, 106, 108])
(11, [1, 3, 5, 7, 8, 12, 14, 15, 18, 19, 21, 23, 26, 27, 29, 31, 34, 35, 36])
(12, [1, 3, 5, 7, 15, 19, 20])
(13, [1, 3, 5, 7, 11, 13, 15, 18, 19, 21, 23, 26, 27, 29, 31, 32, 34, 35, 39, 42, 43, 45, 47, 50, 52, 54, 55, 57, 59, 63, 67, 68])
(14, [3, 4, 6])
(15, [1, 2, 3, 5, 7, 8, 15, 18, 19, 23, 26, 27, 31, 34, 35, 37, 39, 42, 43, 44])
(16, [1, 2, 3, 5, 7, 8, 11, 13, 15, 18, 19, 21, 23, 26, 27, 29, 31, 32, 35, 37, 39, 42, 43, 44])
(17, [1, 3, 5, 7, 8, 9, 11, 12, 14, 15, 18, 19, 20, 22, 23, 26, 27, 31, 34, 35, 37, 39, 42, 43, 45, 47, 50, 51, 53, 55, 58, 59, 60])
(18, [1, 3, 5, 7, 9, 11, 12, 14, 15, 18, 19, 21, 23, 26, 27, 29, 31, 34, 35, 37, 39, 42, 43, 45, 47, 50, 51, 53, 55, 58, 59, 61, 63, 66, 67, 69, 71, 74, 75, 77, 79, 82, 83, 84])
(19, [1, 3, 5, 7, 8, 13, 15, 17, 19, 21, 23, 27, 28, 30, 31, 32, 35, 36])
(20, [1, 2, 3, 5, 7, 8, 15, 18, 19, 23, 26, 27, 31, 34, 35, 37, 39, 42, 43, 44])
(21, [1, 3, 5, 7, 8, 15, 18, 23, 26, 27, 28])
(22, [1, 3, 5, 7, 9, 11, 12, 15, 16, 19, 20])
(23, [3, 4, 6])
(24, [1, 3, 5, 7, 8, 12, 14, 15, 17, 19, 21, 23, 26, 27, 31, 34, 35, 36])
(25, [1, 3, 5, 7, 15, 19, 20])
(26, [1, 2, 3, 5, 7, 8, 11, 13, 15, 18, 19, 23, 26, 27, 31, 34, 35, 39, 42, 43, 44])
(27, [1, 2, 3, 5, 7, 8, 15, 18, 19, 23, 26, 27, 31, 34, 35, 37, 39, 42, 43, 44])
(28, [1, 3, 5, 7, 13, 15, 17, 19, 20])
(29, [1, 3, 5, 7, 8, 15, 19, 20, 22, 23, 25, 27, 28])
(30, [1, 3, 5, 7, 9, 11, 12, 14, 15, 18, 19, 23, 26, 27, 29, 31, 32, 35, 37, 39, 42, 43, 45, 47, 49, 51, 53, 55, 59, 61, 63, 66, 67, 69, 71, 72, 75, 77, 79, 80, 83, 84])
(31, [1, 3, 5, 7, 8, 15, 18, 23, 26, 27, 28])
(32, [3, 4, 6])
(33, [2, 3, 4, 7, 8, 13, 15, 17, 19, 20, 22, 23, 25, 27, 28])
(34, [3, 4, 7, 8, 11, 13, 15, 18, 19, 20, 22, 23, 26, 27, 31, 35, 39, 43, 44])
(35, [3, 4, 7, 15, 18, 23, 26, 27, 28, 30, 31, 34, 35, 37, 39, 42, 43, 45, 47, 50, 51, 53, 55, 58, 59, 61, 63, 66, 67, 68])
(36, [3, 4, 7, 8, 11, 13, 15, 18, 19, 21, 23, 26, 31, 34, 39, 42, 43, 44])
(37, [3, 4, 7, 15, 16, 19, 21, 23, 26, 27, 28, 30, 31, 34, 35, 37, 39, 42, 43, 45, 47, 50, 51, 53, 55, 58, 59, 61, 63, 67, 71, 74, 75, 76, 78, 79, 82, 83, 87, 90, 92, 94, 95, 98, 99, 100])
(38, [3, 4, 7, 9, 13, 15, 16, 17, 18, 21, 23, 26, 27, 29, 31, 34, 35, 37, 39, 40, 41, 42, 45, 47, 50, 55, 58, 61, 63, 64, 67, 69, 71, 72, 73, 75, 76])
(39, [3, 4, 7, 8, 15, 19, 20, 22, 23, 25, 27, 31, 35, 39, 40, 43, 44])
(40, [3, 4, 7, 11, 13, 15, 18, 19, 23, 26, 27, 31, 34, 35, 39, 42, 43, 47, 50, 51, 55, 58, 59, 63, 66, 67, 69, 71, 74, 75, 76, 78, 79, 82, 85, 87, 88, 91, 93, 95, 98, 99, 101, 103, 106, 107, 109, 111, 114, 115, 117, 119, 122, 123, 124])
(41, [3, 5, 6])
(42, [3, 4, 7, 8, 11, 13, 15, 16, 17, 19, 21, 23, 25, 31, 34, 35, 36, 38, 39, 42, 43, 45, 47, 48, 52, 54, 55, 58, 59, 60])
(43, [3, 4, 7, 8, 12, 14, 15, 18, 20, 22, 23, 25, 27, 29, 31, 35, 39, 43, 44])
(44, [3, 4, 7, 8, 15, 18, 19, 23, 26, 27, 31, 34, 35, 37, 39, 42, 43, 44])
(45, [3, 4, 7, 8, 11, 13, 15, 19, 21, 23, 26, 27, 29, 31, 34, 35, 37, 39, 42, 43, 45, 47, 50, 51, 53, 55, 58, 59, 60])
(46, [3, 4, 7, 8, 15, 19, 23, 24, 27, 28])
(47, [3, 4, 7, 9, 15, 18, 19, 21, 23, 26, 29, 31, 34, 35, 36, 38, 39, 42, 43, 45, 47, 50, 51, 52, 54, 55, 56, 59, 63, 66, 67, 71, 74, 75, 79, 83, 87, 90, 91, 92])
(48, [3, 4, 7, 8, 12, 14, 15, 18, 19, 23, 26, 27, 31, 34, 35, 36])
(49, [3, 4, 7, 9, 11, 13, 15, 18, 21, 23, 26, 27, 29, 31, 32, 35, 37, 39, 42, 47, 50, 51, 53, 55, 58, 59, 60, 62, 63, 66, 67, 69, 71, 74, 75, 77, 79, 80, 83, 85, 87, 90, 93, 95, 98, 99, 100])
(50, [3, 4, 6])
(51, [3, 4, 7, 8, 12, 14, 15, 18, 20, 22, 23, 25, 27, 28])
(52, [2, 4, 7, 12, 14, 15, 18, 19, 20])
(53, [3, 4, 7, 13, 15, 17, 19, 20])
(54, [3, 4, 7, 8, 12, 14, 15, 17, 19, 21, 23, 26, 27, 29, 31, 34, 35, 39, 42, 43, 44, 47, 48, 51, 52, 54, 55, 58, 59, 60])
(55, [3, 4, 7, 8, 9, 11, 12, 14, 15, 18, 19, 23, 26, 27, 28])
(56, [3, 4, 7, 8, 9, 11, 13, 15, 18, 19, 21, 23, 26, 27, 31, 34, 35, 37, 39, 42, 43, 44])
(57, [3, 4, 7, 8, 12, 14, 15, 18, 20, 23, 27, 28])
(58, [3, 4, 7, 8, 9, 11, 13, 15, 18, 21, 23, 26, 27, 29, 31, 34, 39, 42, 43, 44])
(59, [3, 4, 6])
(60, [3, 4, 7, 8, 11, 13, 15, 18, 19, 21, 23, 27, 31, 34, 35, 39, 42, 43, 47, 50, 51, 55, 58, 59, 60])
(61, [3, 4, 7, 13, 15, 17, 19, 20])
(62, [3, 4, 7, 9, 12, 14, 15, 18, 19, 23, 26, 27, 31, 34, 35, 39, 43, 47, 50, 51, 52])
(63, [3, 4, 7, 9, 11, 13, 15, 18, 19, 21, 23, 26, 27, 31, 34, 35, 39, 42, 43, 47, 50, 51, 55, 58, 59, 63, 66, 67, 69, 71, 74, 75, 79, 82, 83, 85, 87, 90, 91, 92])
(64, [3, 4, 7, 8, 11, 13, 15, 17, 23, 26, 31, 34, 36, 38, 39, 42, 43, 45, 47, 50, 51, 53, 55, 58, 59, 60])
(65, [3, 4, 7, 8, 13, 15, 17, 19, 23, 27, 28, 30, 31, 33, 35, 36])
(66, [3, 4, 7, 9, 11, 13, 15, 18, 19, 21, 23, 24, 28, 30, 31, 34, 35, 39, 42, 43, 47, 50, 51, 53, 55, 58, 59, 61, 63, 66, 67, 68, 70, 71, 75, 76])
(67, [66, 3, 4, 7, 11, 13, 15, 16, 17, 19, 21, 23, 67, 68, 26, 27, 29, 31, 34, 35, 36, 38, 39, 42, 43, 45, 47, 48, 49, 51, 53, 55, 58, 59, 61, 63])
(68, [3, 4, 6])
(69, [2, 3, 4, 7, 15, 19, 20])
(70, [3, 4, 7, 12, 14, 15, 17, 19, 23, 27, 28, 30, 31, 32, 35, 39, 42, 43, 47, 50, 51, 55, 59, 63, 66, 67, 68])
(71, [3, 4, 6, 7, 9, 11, 13, 15, 18, 19, 21, 23, 27, 31, 34, 35, 39, 42, 43, 47, 50, 51, 55, 58, 59, 63, 66, 67, 71, 74, 75, 77, 79, 82, 83, 84])
(72, [3, 4, 7, 9, 13, 15, 16, 19, 20, 22, 23, 26, 27, 31, 34, 35, 39, 42, 43, 47, 50, 51, 52])
(73, [3, 4, 7, 9, 11, 13, 15, 18, 19, 21, 23, 24, 28, 30, 31, 34, 35, 39, 42, 43, 47, 50, 51, 52])
(74, [3, 4, 7, 9, 12, 14, 15, 18, 23, 26, 27, 28, 30, 31, 34, 35, 37, 39, 43, 45, 47, 50, 51, 53, 55, 56, 59, 61, 63, 66, 67, 69, 71, 74, 75, 76])
(75, [3, 4, 7, 8, 12, 14, 15, 17, 19, 20, 22, 23, 24, 27, 28])
(76, [3, 4, 6, 7, 9, 11, 13, 15, 18, 19, 23, 26, 27, 31, 34, 35, 39, 42, 43, 44, 46, 47, 50, 51, 55, 58, 59, 63, 66, 67, 71, 75, 79, 82, 83, 84])
(77, [3, 4, 6])
(78, [3, 4, 7, 9, 11, 13, 15, 18, 23, 26, 28, 30, 31, 34, 35, 37, 39, 43, 45, 47, 50, 51, 53, 55, 58, 59, 61, 63, 66, 67, 69, 71, 74, 75, 76])
(79, [3, 4, 7, 8, 11, 13, 15, 18, 19, 21, 23, 27, 31, 34, 35, 36])
(80, [3, 4, 7, 9, 12, 14, 15, 18, 19, 23, 26, 27, 31, 34, 35, 39, 43, 47, 50, 51, 52])
(81, [3, 4, 7, 11, 13, 15, 18, 19, 23, 26, 27, 31, 34, 35, 39, 42, 43, 47, 50, 55, 58, 59, 60, 62, 63, 66, 67, 71, 74, 75, 77, 79, 82, 83, 85, 87, 90, 91, 93, 95, 98, 99, 101, 103, 107, 109, 111, 114, 115, 117, 119, 122, 123, 125, 127, 130, 131, 133, 135, 138, 139, 140])
(82, [3, 4, 7, 8, 12, 15, 18, 23, 26, 27, 28])
(83, [3, 4, 7, 8, 12, 14, 15, 18, 20, 22, 23, 26, 27, 31, 34, 36, 39, 42, 43, 44])
(84, [3, 4, 7, 8, 15, 18, 19, 23, 26, 27, 31, 34, 35, 37, 39, 42, 43, 45, 47, 48, 51, 53, 55, 58, 59, 60])
(85, [3, 4, 7, 9, 13, 15, 16, 17, 19, 20, 23, 24, 27, 29, 31, 32, 35, 37, 39, 40, 41, 44, 47, 50, 51, 52])
(86, [3, 5, 6])
(87, [3, 4, 7, 9, 11, 12, 14, 15, 16, 19, 20])
(88, [3, 4, 7, 8, 15, 18, 23, 26, 31, 34, 35, 37, 39, 42, 43, 44])
(89, [3, 4, 7, 8, 13, 15, 18, 20, 22, 23, 26, 27, 28])
(90, [3, 4, 7, 9, 11, 13, 15, 18, 20, 22, 23, 26, 27, 28, 30, 31, 34, 35, 36, 39, 40, 43, 45, 47, 48, 49, 51, 52])
(91, [3, 4, 7, 8, 12, 14, 15, 18, 20, 22, 23, 26, 27, 29, 31, 34, 35, 39, 42, 43, 44, 46, 47, 50, 51, 52, 54, 55, 58, 60])
(92, [3, 4, 6, 7, 9, 13, 15, 18, 21, 23, 26, 27, 28, 30, 31, 34, 35, 37, 39, 42, 43, 45, 47, 50, 51, 55, 58, 59, 63, 66, 67, 71, 74, 75, 77, 79, 82, 83, 84])
(93, [3, 4, 6, 7, 9, 15, 18, 23, 26, 31, 34, 35, 37, 39, 42, 43, 45, 47, 48, 51, 53, 55, 58, 59, 61, 63, 66, 67, 69, 71, 74, 75, 77, 79, 82, 83, 84])
(94, [66, 3, 4, 7, 11, 13, 15, 19, 21, 23, 68, 26, 27, 29, 31, 32, 67, 35, 37, 39, 42, 43, 45, 47, 50, 51, 53, 55, 58, 60, 62, 63])
(95, [3, 4, 6])
(96, [3, 4, 7, 12, 14, 15, 18, 20])
(97, [3, 4, 7, 13, 15, 16, 19, 20, 22, 23, 26, 27, 29, 31, 34, 35, 37, 39, 42, 45, 47, 50, 55, 58, 59, 63, 66, 67, 68, 70, 71, 74, 76, 78, 79, 82, 83, 85, 87, 90, 91, 93, 95, 98, 100, 102, 103, 106, 107, 111, 114, 115, 119, 122, 123, 127, 131, 136, 138, 139, 140])
(98, [3, 4, 6, 7, 9, 11, 13, 15, 18, 21, 23, 26, 27, 29, 31, 32, 35, 39, 42, 43, 45, 47, 48, 51, 53, 55, 58, 59, 60, 62, 63, 66, 67, 69, 71, 74, 75, 77, 79, 82, 83, 84])
(99, [3, 4, 7, 12, 14, 15, 18, 19, 20])
(100, [3, 4, 7, 8, 12, 14, 15, 17, 19, 23, 26, 27, 29, 31, 34, 35, 39, 42, 43, 44, 47, 48, 51, 52, 54, 55, 58, 59, 60])
(101, [3, 4, 7, 8, 13, 15, 17, 19, 20, 22, 23, 25, 27, 28])
(102, [3, 4, 7, 9, 12, 14, 15, 18, 19, 21, 23, 26, 27, 31, 34, 35, 36, 38, 39, 42, 43, 44, 46, 47, 50, 51, 52])
(103, [3, 4, 7, 11, 13, 15, 18, 19, 21, 23, 26, 27, 31, 34, 35, 39, 42, 47, 50, 51, 55, 58, 60, 62, 63, 66, 67, 71, 74, 75, 77, 79, 82, 83, 85, 87, 90, 91, 93, 95, 98, 99, 101, 103, 106, 107, 109, 111, 114, 115, 117, 119, 122, 123, 125, 127, 130, 131, 132])
(104, [3, 4, 6])
(105, [2, 3, 4, 7, 9, 15, 16, 19, 21, 23, 26, 27, 31, 34, 35, 37, 39, 42, 43, 45, 47, 48, 51, 52])
(106, [3, 4, 7, 9, 11, 13, 15, 18, 21, 23, 26, 27, 29, 31, 34, 35, 37, 39, 42, 43, 47, 50, 51, 52])
(107, [3, 4, 7, 11, 13, 15, 18, 19, 21, 23, 26, 27, 31, 34, 35, 39, 42, 43, 47, 50, 55, 58, 59, 61, 63, 66, 68])
(108, [3, 4, 7, 13, 15, 16, 20])
(109, [3, 4, 7, 8, 12, 14, 15, 17, 19, 23, 27, 28])
(110, [3, 4, 7, 9, 11, 13, 15, 18, 19, 21, 23, 24, 28, 30, 31, 34, 35, 39, 42, 43, 47, 50, 51, 52])
(111, [3, 4, 7, 8, 11, 13, 15, 16, 19, 23, 26, 27, 29, 31, 34, 35, 36])
(112, [3, 4, 7, 11, 13, 15, 18, 19, 21, 23, 26, 27, 31, 34, 35, 39, 42, 43, 47, 50, 51, 55, 58, 59, 63, 66, 67, 71, 74, 75, 77, 79, 82, 83, 84, 86, 87, 90, 91, 93, 95, 98, 99, 101, 103, 106, 107, 109, 111, 114, 115, 117, 119, 122, 123, 127, 130, 131, 132, 134, 135, 138, 139, 141, 143, 146, 147, 149, 151, 154, 155, 157, 159, 162, 163, 165, 167, 170, 171, 173, 175, 178, 179, 181, 183, 186, 187, 188])
(113, [3, 4, 6])
(114, [3, 4, 7, 12, 14, 15, 17, 19, 20])
(115, [3, 4, 7, 9, 11, 15, 19, 20])
(116, [3, 4, 7, 9, 11, 13, 15, 18, 19, 21, 23, 24, 28, 30, 31, 34, 35, 39, 42, 43, 47, 50, 51, 55, 58, 59, 61, 63, 66, 67, 69, 71, 74, 75, 77, 79, 82, 83, 85, 87, 90, 92])
(117, [1, 4, 7, 8, 9, 11, 12, 15, 17, 18, 20, 21, 22])
(118, [3, 6, 8, 9, 12, 14, 15, 18, 20, 21, 22])
(119, [2, 3, 4, 7, 8, 11, 13, 15, 18, 19, 21, 23, 27, 31, 34, 35, 39, 42, 43, 44])
(120, [3, 4, 7, 8, 15, 18, 19, 23, 26, 27, 28])
(121, [3, 4, 7, 12, 14, 15, 17, 19, 20])
(122, [3, 4, 7, 9, 11, 13, 15, 18, 19, 21, 23, 24, 28, 30, 31, 34, 35, 39, 42, 43, 47, 50, 51, 55, 58, 59, 60, 62, 63, 66, 67, 71, 74, 75, 79, 82, 83, 85, 87, 90, 91, 92])
(123, [3, 4, 6])
(124, [3, 4, 7, 8, 15, 18, 19, 23, 26, 27, 28])
(125, [3, 4, 7, 9, 12, 14, 15, 18, 19, 20, 23, 26, 27, 29, 31, 34, 35, 37, 39, 42, 43, 44, 46, 47, 50, 52, 54, 55, 58, 59, 60, 62, 63, 66, 67, 68, 70, 72, 74, 75, 76])
(126, [3, 4, 7, 9, 11, 13, 15, 18, 21, 23, 24, 27, 29, 31, 33, 39, 42, 43, 45, 47, 50, 51, 52, 54, 55, 58, 59, 60, 63, 66, 67, 69, 71, 74, 75, 77, 79, 82, 85, 87, 90, 91, 92, 94, 95, 98, 100, 102, 103, 106, 107, 109, 111, 114, 115, 117, 119, 122, 123, 127, 130, 131, 135, 138, 139, 143, 146, 147, 151, 154, 155, 159, 162, 163, 164])
(127, [3, 4, 7, 11, 13, 15, 16, 17, 19, 20, 22, 23, 26, 27, 29, 31, 32, 33, 34, 37, 39, 42, 43, 45, 47, 50, 51, 53, 55, 56, 59, 61, 63, 64, 65, 66, 69, 71, 74, 79, 82, 83, 85, 87, 90, 92, 95, 98, 99, 101, 103, 104, 105, 107, 109, 111, 112, 115, 116])
(128, [3, 4, 7, 8, 12, 14, 15, 17, 19, 20, 22, 23, 26, 27, 29, 31, 34, 35, 39, 41, 43, 44, 46, 47, 50, 51, 52, 54, 55, 58, 59, 60])
(129, [3, 4, 7, 9, 13, 15, 18, 21, 23, 26, 27, 28, 30, 31, 34, 35, 37, 39, 42, 43, 45, 47, 50, 51, 53, 55, 58, 59, 63, 66, 67, 71, 74, 75, 79, 82, 83, 87, 90, 91, 92])
(130, [3, 4, 7, 13, 15, 17, 19, 20])
(131, [3, 4, 7, 9, 12, 14, 15, 18, 19, 23, 26, 27, 29, 31, 32, 35, 39, 40, 43, 47, 50, 51, 52])
(132, [3, 4, 6])
(133, [3, 4, 6, 7, 9, 11, 13, 15, 18, 19, 23, 26, 27, 31, 34, 35, 39, 42, 43, 47, 50, 51, 55, 58, 59, 63, 66, 67, 69, 71, 74, 75, 76, 78, 79, 82, 83, 84])
(134, [3, 4, 7, 11, 13, 15, 16, 19, 21, 23, 25, 27, 29, 31, 34, 35, 37, 39, 42, 43, 45, 47, 50, 52, 54, 55, 58, 59, 60, 62, 63, 66, 67, 71, 74, 79, 82, 83, 87, 91, 93, 95, 98, 99, 101, 103, 106, 107, 109, 111, 114, 115, 117, 119, 120, 122, 123, 124])
(135, [3, 4, 7, 8, 12, 14, 15, 17, 19, 23, 27, 28])
(136, [3, 4, 7, 9, 11, 12, 14, 15, 18, 19, 23, 26, 27, 31, 34, 35, 39, 42, 43, 47, 50, 51, 53, 55, 58, 61, 63, 66, 69, 71, 74, 75, 77, 79, 82, 85, 87, 88, 91, 92, 95, 98, 100, 102, 103, 106, 107, 111, 114, 115, 116, 119, 122, 123, 124, 126, 127, 130, 131, 135, 138, 139, 143, 146, 147, 149, 151, 154, 155, 156, 158, 159, 162, 163, 164])
(137, [3, 4, 6, 7, 9, 13, 15, 16, 18, 23, 26, 27, 28, 30, 31, 34, 35, 37, 39, 42, 43, 45, 47, 50, 51, 55, 59, 61, 63, 66, 67, 71, 74, 75, 77, 79, 82, 83, 84])
(138, [3, 4, 7, 9, 13, 15, 16, 17, 19, 21, 23, 26, 28, 31, 32, 35, 37, 39, 40, 41, 44, 47, 50, 51, 53, 55, 56, 57, 59, 61, 63, 65, 67, 68, 70, 71, 75, 76])
(139, [3, 4, 7, 12, 14, 15, 17, 19, 20])
(140, [3, 4, 7, 8, 12, 14, 15, 18, 19, 21, 23, 26, 27, 29, 31, 34, 35, 36])
(141, [3, 4, 6])
(142, [2, 3, 4, 7, 9, 11, 13, 15, 18, 19, 21, 23, 26, 28, 30, 31, 34, 35, 36, 38, 39, 42, 45, 47, 49, 51, 52])
(143, [3, 4, 7, 8, 12, 14, 15, 17, 19, 20, 22, 23, 24, 27, 28])
(144, [3, 4, 7, 9, 12, 14, 15, 18, 20, 22, 23, 26, 28, 30, 31, 34, 35, 37, 39, 42, 43, 45, 47, 50, 51, 53, 55, 58, 59, 61, 63, 66, 67, 69, 71, 74, 75, 77, 79, 82, 83, 87, 90, 91, 92])
(145, [3, 4, 7, 9, 11, 13, 15, 18, 21, 23, 24, 27, 29, 31, 34, 35, 37, 39, 40, 43, 45, 47, 50, 52, 53, 55, 58, 61, 63, 66, 71, 74, 75, 77, 79, 82, 83, 85, 87, 90, 91, 93, 95, 98, 99, 100, 102, 103, 106, 107, 108, 110, 111, 114, 115, 117, 119, 120, 123, 125, 127, 130, 131, 133, 135, 138, 139, 141, 143, 146, 147, 149, 151, 154, 155, 156, 158, 159, 162, 163, 167, 170, 171, 175, 178, 179, 181, 183, 186, 187, 188, 190, 191, 194, 195, 196])
(146, [3, 4, 7, 9, 13, 15, 16, 19, 20, 22, 23, 26, 27, 31, 34, 35, 39, 42, 43, 47, 50, 51, 52])
(147, [2, 3, 4, 7, 8, 15, 18, 19, 21, 23, 26, 27, 31, 34, 39, 42, 43, 44])
(148, [3, 4, 7, 8, 11, 13, 15, 18, 19, 21, 23, 26, 27, 29, 31, 34, 35, 37, 39, 42, 43, 45, 47, 50, 51, 53, 55, 58, 59, 60])
(149, [3, 4, 7, 12, 14, 15, 18, 20])
(150, [3, 4, 6])
(151, [2, 4, 7, 8, 12, 14, 15, 17, 19, 20, 22, 23, 25, 27, 28, 30, 31, 34, 35, 36, 38, 39, 42, 43, 44])
(152, [3, 4, 6, 7, 9, 15, 18, 19, 23, 26, 27, 31, 34, 35, 37, 39, 42, 43, 44, 46, 47, 50, 51, 55, 58, 59, 61, 63, 66, 67, 69, 71, 74, 75, 77, 79, 82, 83, 84])
(153, [3, 4, 7, 8, 15, 18, 23, 26, 27, 28])
(154, [3, 4, 7, 8, 12, 14, 15, 18, 20, 22, 23, 25, 27, 28, 30, 31, 33, 35, 36])
(155, [3, 4, 7, 9, 11, 13, 15, 18, 19, 21, 23, 27, 31, 34, 35, 39, 42, 43, 47, 50, 51, 52])
(156, [130, 3, 4, 7, 11, 13, 15, 18, 19, 21, 23, 132, 26, 27, 29, 31, 35, 39, 42, 43, 44, 46, 47, 50, 51, 53, 55, 58, 60, 62, 63, 131, 66, 67, 68, 70, 71, 74, 75, 79, 82, 83, 87, 90, 91, 93, 95, 98, 99, 100, 102, 103, 106, 107, 111, 115, 117, 119, 122, 123, 127])
(157, [3, 4, 6, 13, 15, 21, 23, 26, 28, 30, 33, 34, 35, 38, 39, 40, 43, 44, 45, 47])
(158, [3, 13, 15, 16, 19, 20, 23, 24, 25, 28, 29, 30, 33, 35, 36, 37, 39, 45, 48, 50, 54, 55, 58, 60, 63, 64, 75, 78, 79, 80, 83, 84, 85, 88, 90, 93, 95, 98, 99, 100, 103, 105, 108, 109, 110, 112])
(159, [3, 15, 17, 30, 33, 34, 36, 38, 39, 45, 48, 49, 50, 53, 54, 55, 58, 59, 60, 63, 65, 67, 70, 72, 74, 75, 77, 79, 81, 82])
(160, [3, 4, 6])
(161, [3, 4, 6, 9, 10, 13, 15, 20, 23, 24, 25, 28, 29, 30, 33, 34, 35, 38, 40, 43, 44, 45, 48, 49, 50, 53, 54, 55, 57])
(162, [3, 4, 6, 13, 15, 16, 17, 19, 20, 23, 24, 25, 28, 29, 30, 33, 34, 35, 38, 39, 40, 43, 44, 45, 48, 49, 50, 53, 54, 55, 58, 59, 60, 63, 64, 65, 68, 69, 70, 73, 74, 75, 78, 79, 80, 83, 84, 95, 98, 99, 100, 103, 104, 105, 108, 109, 110, 113, 114, 116, 118, 119, 121, 123, 125, 128, 129, 130, 133, 134, 135, 138, 139, 140, 142])
(163, [3, 4, 6, 29, 31, 40, 43, 44, 45, 48, 49, 50, 53, 54, 55, 58, 59, 61, 74, 76, 80, 83, 84, 85, 88, 89, 90, 93, 94, 95, 98, 100, 102, 103, 105, 106, 108, 110, 111, 113, 121, 123, 135, 137, 138, 140, 141, 144, 146, 147])
(164, [2, 3, 13, 15, 29, 31, 35, 38, 39, 40, 43, 44, 45, 48, 49, 50, 53, 54, 55, 58, 59, 64, 66, 67])
(165, [3, 13, 15, 16, 19, 20, 23, 25, 26, 29, 30, 33, 34, 36, 38, 40, 43, 44, 45, 48, 49, 50, 53, 54, 55, 58, 59, 60, 62, 63, 65, 66, 69, 70, 73, 74, 75, 78, 80, 83, 84, 90, 93, 94, 95, 97])
(166, [3, 30, 33, 34, 35, 38, 39, 40, 43, 44, 45, 47, 50, 53, 54, 55, 58, 59, 60, 63, 64, 65, 68, 70, 72, 75, 77, 80, 82, 85, 87, 89, 91, 92])
(167, [3, 13, 15, 18, 19, 20, 23, 24, 25, 28, 29, 30, 33, 34, 40, 42])
(168, [3, 15, 18, 19, 20, 23, 24, 25, 28, 29, 30, 33, 34, 35, 38, 40, 44, 45, 48, 49, 50, 53, 54, 55, 57, 59, 60, 63, 64, 65, 67, 70, 73, 76, 78, 85, 88, 89, 90, 92])
(169, [3, 4, 6])
(170, [2, 3, 4, 6, 7, 9, 11, 12, 14, 16, 18, 20, 22, 25, 28, 29, 30, 32, 34, 36, 37])
(171, [3, 4, 6, 7, 9, 10, 15, 17, 34, 36, 37])
(172, [3, 6, 9, 10, 15, 18, 19, 20, 23, 24, 25, 28, 29, 30, 32, 34, 35, 38, 39, 40, 43, 46, 48, 60, 62])
(173, [3, 33, 35, 38, 40, 43, 44, 45, 48, 49, 69, 71, 75, 78, 79, 80, 83, 84, 85, 88, 89, 90, 93, 94, 95, 98, 99, 109, 111, 112, 113, 115, 116, 119, 120, 121, 123, 125, 128, 129, 131, 132])
(174, [3, 13, 15, 18, 19, 25, 28, 29, 30, 33, 34, 35, 38, 39, 40, 43, 44, 46, 47])
(175, [3, 4, 6, 15, 18, 19, 20, 23, 24, 25, 28, 29, 30, 33, 34, 35, 38, 39, 55, 58, 59, 60, 63, 64, 65, 68, 69, 70, 73, 74, 75, 78, 79, 80, 83, 84, 90, 92])
(176, [3, 4, 6, 20, 23, 24, 25, 28, 29, 30, 33, 34, 55, 58, 59, 60, 63, 64, 65, 68, 69, 70, 73, 74, 75, 78, 79, 81, 83, 85, 87, 89, 91, 92])
(177, [3, 13, 15, 18, 19, 25, 27])
(178, [3, 4, 6])
(179, [3, 13, 15, 16, 17, 19, 20, 23, 24, 30, 33, 34, 35, 38, 39, 40, 43, 44, 45, 48, 49, 50, 53, 54, 55, 58, 59, 60, 63, 64, 65, 68, 69, 70, 73, 74, 75, 78, 79, 80, 83, 84, 85, 88, 89, 90, 93, 95, 96, 99, 100, 103, 104, 105, 108, 109, 110, 113, 114, 115, 118, 119, 120, 123, 125, 128, 129, 130, 133, 140, 143, 144, 145, 148, 149, 165, 168, 169, 170, 173, 174, 175, 177])
(180, [3, 9, 11, 13, 15, 17, 23, 25, 27, 50, 53, 54, 55, 58, 59, 60, 63, 64, 75, 77, 79, 89, 91, 92, 94, 100, 103, 104, 105, 108, 109, 111, 113, 115, 117, 120, 121, 124, 125, 126, 128, 130, 133, 134, 135, 138, 139, 140, 143, 144, 145, 148, 149, 150, 152, 154, 155, 157])
(181, [3, 13, 15, 18, 19, 24, 26, 36, 38, 41, 43, 45, 48, 49, 50, 53, 54, 55, 58, 59, 60, 63, 64, 65, 68, 69, 70, 73, 74, 75, 78, 79, 81, 82])
(182, [3, 6, 9, 15, 18, 19, 20, 23, 24, 25, 28, 29, 30, 33, 34, 35, 38, 39, 40, 43, 44, 45, 48, 49, 50, 53, 54, 55, 58, 59, 60, 63, 64, 65, 68, 69, 70, 73, 74, 76, 78, 79, 80, 83, 85, 106, 108, 111, 113, 115, 118, 120, 123, 124, 125, 128, 129, 130, 133, 134, 135, 138, 139, 140, 143, 144, 145, 148, 149, 150, 153, 154, 155, 158, 159, 166, 168, 171, 173, 175, 178, 179, 180, 183, 184, 185, 188, 189, 205, 208, 209, 210, 213, 214, 215, 218, 219, 220, 223, 224, 225, 227])
(183, [3, 9, 11, 12, 13, 15, 16, 18, 20, 23, 26, 28, 30, 33, 35, 38, 39, 40, 43, 45, 47, 49, 50, 51, 54, 55, 58, 59, 61, 63, 65, 68, 69, 71, 73, 74, 75, 76, 79, 80, 83, 84, 85, 87])
(184, [3, 4, 6, 9, 11, 13, 15, 31, 33, 34, 35, 38, 39, 40, 42])
(185, [3, 4, 6, 19, 21, 31, 33, 35, 38, 40, 43, 44, 45, 48, 49, 50, 53, 54, 55, 58, 59, 60, 63, 64, 66, 68, 69, 70, 73, 79, 81, 82])
(186, [3, 13, 15, 16, 18, 21, 23, 24, 26, 30, 32, 35, 38, 39, 40, 43, 44, 45, 48, 49, 51, 53, 55, 58, 59, 76, 78, 81, 83, 85, 88, 89, 90, 93, 94, 95, 98, 99, 100, 103, 104, 105, 108, 109, 110, 113, 114, 115, 118, 119, 120, 123, 124, 126, 128, 130, 133, 135, 138, 140, 142])
(187, [3, 5, 6])
(188, [3, 4, 6, 9, 11, 13, 15, 18, 19, 20, 22, 24, 26, 55, 58, 59, 60, 63, 64, 65, 68, 69, 70, 73, 74, 79, 81, 84, 86, 89, 91, 92, 94, 101, 103, 105, 108, 109, 115, 117, 120, 121, 123, 125, 128, 129, 130, 133, 135, 137])
(189, [3, 4, 6, 13, 15, 18, 19, 36, 38, 42, 45, 46, 49, 50, 53, 54, 55, 58, 59, 60, 63, 64, 65, 68, 70, 71, 73, 76, 78, 81, 83, 84, 86, 88, 89, 91, 93, 94, 95, 97])
(190, [3, 4, 6, 13, 15, 16, 17, 19, 21, 23, 24, 26, 28, 29, 30, 33, 34, 35, 38, 39, 40, 43, 44, 45, 48, 49, 50, 53, 55, 60, 63, 64, 65, 68, 69, 70, 73, 74, 75, 78, 79, 80, 83, 84, 101, 103, 105, 107, 109, 110, 113, 114, 115, 118, 119, 120, 123, 124, 125, 128, 129, 130, 133, 135, 138, 140, 143, 150, 153, 154, 155, 158, 159, 166, 168, 191, 193, 196, 198, 204, 206, 207])
(191, [3, 14, 16, 19, 21, 24, 26, 29, 30, 32, 40, 42, 44, 46, 49, 51, 64, 66, 67, 69, 70, 73, 74, 76, 77, 78, 80, 83, 85, 87, 89, 90, 93, 96, 99, 100, 101, 104, 105, 108, 110, 111, 114, 115, 118, 119, 120, 123, 124, 126, 127])
(192, [3, 4, 6, 14, 16, 40, 43, 44, 45, 48, 49, 50, 53, 55, 58, 59, 60, 63, 64, 65, 67])
(193, [3, 13, 15, 16, 19, 21, 23, 24, 26, 28, 29, 30, 33, 34, 35, 38, 39, 41, 43, 44, 46, 48, 49, 50, 53, 54, 55, 58, 59, 60, 63, 64, 66, 68, 69, 91, 93, 94, 95, 98, 99, 100, 103, 104, 105, 108, 109, 110, 113, 120, 123, 124, 131, 133, 136, 138, 140, 143, 144, 145, 148, 149, 165, 168, 169, 170, 173, 174, 175, 178, 179, 180, 182])
(194, [3, 31, 32, 34, 35, 37, 45, 47, 48, 50, 51, 52, 54, 60, 63, 64, 65, 68, 69, 70, 73, 74, 75, 78, 79, 80, 83, 84, 86, 87, 88, 90, 92, 94, 95, 98, 99, 100, 102])
(195, [3, 13, 15, 18, 19, 40, 43, 44, 45, 48, 49, 50, 53, 54, 55, 58, 59, 60, 63, 64, 65, 68, 69, 74, 76, 77])
(196, [3, 4, 6])
(197, [3, 13, 15, 16, 17, 19, 20, 23, 24, 25, 28, 29, 31, 33, 34, 35, 38, 39, 40, 43, 44, 45, 48, 49, 50, 53, 54, 55, 58, 59, 60, 63, 64, 65, 68, 69, 70, 73, 75, 76, 78, 80, 83, 85, 101, 103, 105, 108, 109, 111, 113, 114, 116, 118, 119, 121, 123, 124, 125, 128, 129, 130, 133, 134, 135, 138, 139, 140, 143, 144, 151, 153, 154, 156, 158, 160, 163, 164, 165, 168, 169, 185, 188, 189, 190, 193, 194, 195, 198, 199, 201, 202])
(198, [3, 13, 15, 17, 20, 22, 23, 25, 27, 29, 34, 36, 37, 40, 42, 43, 45, 47, 48, 50, 52, 55, 57, 64, 66, 67, 70, 71, 74, 75, 78, 80, 81, 83, 90, 92, 95, 97, 100, 103, 107, 109, 110, 112])
(199, [3, 4, 6, 7, 9, 10, 15, 18, 19, 21, 23, 24, 26, 28, 29, 30, 33, 34, 36, 38, 39, 41, 43, 44, 46, 48, 49, 51, 52])
(200, [3, 4, 6, 15, 18, 19, 20, 23, 24, 25, 28, 29, 30, 33, 34, 35, 38, 39, 40, 43, 44, 45, 48, 49, 50, 53, 54, 55, 57, 60, 63, 64, 65, 68, 69, 70, 73, 74, 75, 78, 79, 85, 88, 89, 90, 93, 94, 95, 97])
(201, [3, 4, 6, 40, 43, 45, 46, 47, 50, 51, 52, 55, 57, 59, 64, 66, 67, 69, 70, 73, 74, 75, 78, 79, 85, 87])
(202, [3, 13, 15, 18, 19, 26, 28, 31, 33, 35, 38, 40, 43, 44, 46, 47])
(203, [3, 13, 15, 16, 19, 25, 28, 29, 30, 33, 34, 35, 38, 39, 40, 43, 44, 45, 48, 49, 71, 73, 76, 78, 80, 83, 84, 86, 88, 89, 91, 93, 94, 96, 98, 99, 100, 103, 104, 105, 108, 109, 110, 113, 114, 115, 118, 119, 120, 123, 124, 125, 128, 130, 132])
(204, [3, 4, 6, 9, 11, 13, 15, 40, 42, 75, 78, 80, 82, 90, 93, 94, 96, 98, 99, 101, 102, 103, 105, 107, 109, 110, 113, 114, 115, 118, 119, 120, 123, 125, 128, 129, 130, 133, 134, 135, 138, 139, 140, 142])
(205, [3, 4, 6])
(206, [3, 13, 15, 18, 19, 36, 38, 39, 41, 43, 45, 48, 49, 50, 53, 54, 55, 58, 59, 60, 63, 64, 65, 68, 69, 70, 73, 74, 75, 78, 79, 81, 82])
(207, [3, 4, 6, 9, 13, 15, 16, 17, 19, 20, 23, 24, 25, 28, 29, 31, 33, 35, 37, 38, 40, 43, 44, 45, 48, 49, 50, 53, 54, 55, 58, 59, 60, 63, 64, 65, 68, 69, 70, 73, 74, 76, 78, 80, 83, 84, 85, 88, 89, 90, 93, 94, 95, 98, 99, 100, 103, 104, 105, 108, 109, 110, 113, 114, 131, 133, 136, 138, 140, 143, 144, 145, 148, 149, 150, 153, 154, 155, 158, 159, 160, 163, 164, 165, 168, 169, 170, 173, 180, 183, 190, 193, 194, 201, 203, 206, 208, 210, 213, 214, 215, 218, 220, 223, 224, 226, 227])
(208, [3, 9, 11, 12, 14, 25, 28, 29, 30, 33, 34, 35, 38, 39, 45, 48, 50, 53, 54, 55, 58, 59, 66, 68, 71, 73, 75, 78, 80, 83, 84, 85, 87])
(209, [3, 35, 38, 39, 40, 43, 44, 45, 48, 49, 50, 53, 54, 55, 58, 59, 61, 63, 65, 68, 69, 84, 86, 88, 90, 93, 100, 103, 104, 106, 108, 110, 112, 115, 117, 120, 123, 125, 128, 129, 130, 133, 136, 138, 139, 140, 143, 146, 148, 150, 152, 154, 155, 157, 159, 160, 163, 165, 168, 169, 171, 173, 174, 176, 178, 179, 180, 183, 184, 185, 188, 189, 190, 192])
(210, [3, 13, 15, 18, 19, 20, 23, 24, 25, 28, 29, 30, 33, 34, 35, 38, 39, 40, 43, 44, 56, 58, 60, 63, 64, 65, 68, 69, 70, 73, 74, 75, 77])
(211, [3, 15, 18, 19, 20, 23, 24, 25, 28, 30, 34, 35, 38, 39, 40, 43, 44, 45, 48, 49, 50, 53, 54, 55, 58, 59, 60, 63, 65, 70, 73, 74, 76, 77])
(212, [3, 9, 11, 13, 15, 18, 19, 20, 22, 45, 48, 49, 50, 53, 54, 55, 58, 59, 60, 63, 64, 65, 68, 69, 79, 81, 95, 97, 99, 100, 102, 105, 108, 109, 110, 112, 114, 115, 118, 120, 122])
(213, [3, 7, 9, 10, 13, 15, 18, 19, 20, 23, 24, 25, 28, 29, 30, 33, 34, 35, 38, 40, 43, 44, 49, 51, 52])
(214, [3, 4, 6])
(215, [2, 3, 13, 15, 16, 19, 20, 23, 24, 25, 28, 29, 30, 33, 34, 35, 37, 39, 40, 43, 45, 50, 53, 54, 55, 58, 59, 60, 63, 64, 65, 68, 69, 70, 73, 74, 75, 78, 81, 83, 84, 86, 87])
(216, [3, 6, 9, 10, 12, 14, 15, 18, 19, 20, 23, 24, 25, 28, 29, 30, 33, 34, 36, 37, 39, 40, 43, 44, 45, 48, 49, 50, 53, 55, 57, 58, 60, 62, 65, 67, 70, 72])
(217, [3, 13, 15, 16, 18, 20, 23, 24, 25, 27])
(218, [3, 15, 18, 19, 20, 23, 24, 25, 28, 29, 30, 33, 34, 37, 38, 40, 42])
(219, [3, 14, 16, 24, 26, 35, 38, 39, 41, 44, 46, 49, 51, 60, 63, 64, 65, 68, 69, 70, 73, 75, 77, 79, 80, 82, 84, 85, 88, 90, 93, 95, 97])
(220, [3, 6, 9, 10, 13, 15, 40, 43, 44, 45, 48, 49, 50, 53, 54, 55, 57])
(221, [3, 13, 15, 16, 17, 19, 20, 23, 24, 25, 28, 29, 30, 33, 34, 39, 40, 43, 44, 45, 48, 49, 50, 53, 54, 76, 78, 85, 88, 89, 90, 93, 94, 95, 98, 99, 100, 103, 104, 105, 108, 109, 110, 113, 114, 116, 118, 121, 123, 125, 128, 130, 133, 134, 138, 140, 142])
(222, [3, 9, 11, 13, 15, 18, 19, 20, 22, 24, 26, 27, 29, 37, 39, 50, 53, 54, 55, 58, 59, 60, 63, 64, 65, 68, 69, 90, 93, 94, 95, 98, 99, 100, 103, 104, 105, 108, 109, 110, 112, 113, 115, 120, 123, 124, 125, 127, 130, 133, 134, 135, 138, 139, 140, 143, 144, 145, 147])
(223, [3, 4, 6])
(224, [3, 6, 9, 10, 13, 15, 36, 38, 45, 48, 49, 50, 53, 54, 55, 58, 59, 60, 63, 64, 65, 68, 69, 71, 72])
(225, [3, 15, 18, 19, 20, 23, 24, 25, 28, 29, 30, 33, 34, 35, 38, 39, 40, 43, 45, 50, 53, 54, 55, 58, 59, 60, 63, 64, 65, 68, 69, 70, 73, 74, 75, 78, 79, 96, 98, 100, 103, 104, 105, 108, 109, 110, 113, 114, 115, 118, 119, 120, 123, 124, 125, 128, 129, 130, 133, 135, 138, 139, 140, 143, 144, 146, 148, 150, 153, 154, 170, 172])
(226, [3, 23, 25, 30, 33, 34, 50, 53, 55, 58, 59, 60, 63, 65, 68, 69, 70, 73, 75, 76, 78, 90, 93, 94, 95, 97, 99, 100, 102])
(227, [3, 13, 15, 16, 18, 20, 23, 25, 28, 29, 30, 33, 34, 35, 38, 39, 40, 42])
(228, [3, 7, 9, 10, 15, 18, 19, 20, 23, 24, 25, 28, 30, 33, 34, 35, 37])
(229, [3, 4, 6, 30, 33, 34, 35, 38, 39, 40, 43, 44, 65, 68, 69, 70, 73, 74, 75, 78, 79, 80, 83, 84, 87, 89, 90, 92])
(230, [3, 13, 15, 19, 21, 22])
(231, [3, 4, 6, 9, 10, 15, 18, 19, 20, 23, 24, 25, 28, 29, 30, 33, 34, 35, 38, 39, 40, 43, 44, 45, 48, 49, 50, 53, 54, 55, 58, 59, 60, 63, 64, 65, 68, 69, 70, 73, 74, 75, 78, 79, 80, 83, 84, 85, 88, 89, 90, 93, 96, 98, 100, 103, 104, 105, 107])
(232, [3, 4, 6])
(233, [3, 4, 6, 11, 12, 14, 19, 21, 25, 28, 29, 30, 33, 34, 35, 38, 39, 40, 42, 50, 53, 54, 55, 57, 60, 63, 65, 67, 70, 73, 75, 77, 79, 80, 82])
(234, [3, 4, 6, 20, 23, 24, 26, 27])
(235, [3, 16, 18, 19, 20, 23, 24, 25, 28, 29, 30, 33, 34, 35, 38, 39, 40, 43, 44, 45, 48, 49, 50, 53, 54, 55, 58, 59, 60, 63, 64, 65, 68, 69, 70, 73, 74, 86, 88, 91, 93, 95, 98, 99, 100, 103, 104, 105, 108, 109, 110, 113, 114, 115, 118, 120, 121, 124, 125, 128, 129, 130, 133, 134, 136, 138, 140, 143, 144, 145, 148, 150, 153, 154, 155, 158, 159, 160, 162])
(236, [3, 14, 16, 24, 26, 34, 36, 69, 71, 72, 74, 75, 78, 79, 80, 83, 84, 85, 88, 89, 90, 93, 94, 95, 98, 99, 100, 103, 104, 106, 108, 110, 112, 116, 118, 120, 123, 124, 125, 128, 130, 133, 134, 135, 137, 139, 140, 143, 145, 146, 149, 150, 153, 154, 155, 158, 159, 160, 162])
(237, [3, 6, 9, 10, 13, 15, 18, 19, 36, 38, 40, 41, 43, 45, 48, 49, 50, 53, 54, 55, 58, 59, 60, 63, 64, 65, 68, 69, 70, 72])
(238, [3, 13, 15, 16, 19, 20, 23, 24, 25, 28, 29, 30, 33, 34, 35, 38, 39, 40, 43, 44, 45, 48, 49, 50, 53, 54, 55, 58, 59, 60, 63, 64, 65, 68, 69, 70, 73, 74, 75, 78, 79, 80, 83, 85, 86, 88, 90, 93, 94, 95, 98, 99, 100, 103, 104, 105, 108, 109, 110, 113, 115, 118, 119, 120, 123, 124, 125, 128, 129, 145, 148, 149, 150, 153, 154, 155, 157])
(239, [3, 11, 12, 14, 24, 26, 27, 29, 30, 32, 35, 38, 39, 64, 66, 67, 69, 70, 72, 75, 78, 79, 80, 82, 83, 85, 86, 88, 91, 93, 95, 97, 99, 100, 102, 105, 107, 110, 113, 114, 115, 117])
(240, [3, 13, 15, 18, 19, 30, 33, 34, 35, 38, 39, 40, 43, 44, 45, 48, 49, 51, 53, 54, 55, 58, 60, 63, 64, 66, 68, 69, 71, 73, 74, 75, 77])
(241, [3, 4, 6])
(242, [3, 13, 15, 16, 17, 19, 20, 23, 24, 25, 28, 29, 30, 33, 34, 35, 38, 39, 40, 43, 44, 45, 48, 49, 50, 53, 54, 55, 58, 59, 60, 63, 64, 81, 83, 85, 88, 89, 90, 93, 95, 96, 99, 100, 103, 104, 105, 108, 109, 110, 113, 115, 118, 119, 120, 123, 125, 128, 129, 130, 132])
(243, [3, 45, 48, 49, 51, 53, 54, 56, 58, 59, 60, 63, 64, 88, 90, 91, 92, 94, 95, 97, 99, 100, 101, 104, 105, 108, 109, 110, 113, 114, 115, 118, 121, 123, 124, 126, 127, 128, 130, 132, 134, 135, 137, 139, 146, 148, 150, 153, 154, 156, 158, 159, 160, 162])
(244, [2, 3, 13, 15, 36, 38, 40, 45, 48, 49, 50, 53, 54, 55, 58, 59, 60, 63, 64, 66, 67])
(245, [3, 8, 10, 13, 15, 16, 19, 20, 23, 24, 26, 27, 29, 30, 33, 34, 35, 38, 39, 40, 43, 44, 45, 48, 49, 50, 53, 54, 60, 63, 64, 65, 68, 69, 70, 73, 74, 75, 78, 79, 80, 83, 84, 101, 103, 110, 113, 114, 115, 118, 119, 120, 123, 124, 125, 128, 129, 130, 133, 134, 135, 138, 139, 140, 143, 144, 145, 148, 149, 151, 153, 155, 156, 158, 160, 163, 164, 165, 168, 169, 185, 188, 189, 190, 193, 194, 195, 198, 199, 201, 203, 211, 213, 215, 218, 219, 220, 222])
(246, [3, 23, 25, 27, 35, 37, 40, 43, 44, 45, 48, 49, 51, 52, 54, 56, 57, 59, 75, 78, 80, 83, 85, 86, 89, 90, 91, 94, 95, 98, 99, 101, 103, 105, 108, 111, 113, 125, 127, 129, 130, 133, 136, 138, 140, 141, 144, 145, 148, 149, 150, 152])
(247, [2, 3, 4, 6, 38, 40, 41, 44, 45, 48, 49, 50, 53, 54, 55, 58, 59, 61, 63, 64, 66, 67])
(248, [3, 13, 15, 16, 17, 19, 20, 23, 24, 26, 28, 29, 30, 33, 34, 35, 38, 39, 40, 43, 44, 45, 48, 49, 50, 53, 54, 55, 58, 59, 60, 63, 64, 65, 68, 69, 90, 93, 95, 96, 99, 100, 103, 104, 105, 108, 109, 110, 113, 114, 115, 118, 119, 121, 123, 126, 128, 130, 133, 134, 135, 138, 139, 150, 152])
(249, [3, 12, 14, 15, 18, 19, 20, 23, 24, 25, 28, 29, 30, 33, 34, 58, 60, 63, 64, 65, 68, 69, 70, 73, 74, 75, 78, 79, 80, 83, 84, 85, 88, 90, 93, 94, 95, 97])
(250, [3, 4, 6])
(251, [2, 3, 13, 15, 36, 38, 45, 48, 49, 50, 53, 54, 55, 58, 59, 60, 63, 64, 66, 68, 71, 73, 74, 76, 78, 79, 81, 83, 85, 87])
(252, [3, 15, 18, 19, 20, 23, 24, 25, 28, 29, 30, 33, 34, 35, 38, 39, 40, 43, 44, 45, 48, 49, 55, 58, 59, 60, 63, 64, 65, 68, 69, 70, 73, 75, 96, 98, 100, 103, 104, 105, 108, 109, 110, 113, 114, 116, 118, 119, 120, 123, 124, 125, 128, 130, 133, 140, 143, 144, 145, 148, 149, 156, 158, 161, 163, 165, 168, 170, 173, 174, 180, 183, 184, 185, 188, 189, 190, 193, 194, 195, 197])
(253, [3, 34, 36, 40, 43, 44, 45, 48, 49, 69, 71, 75, 78, 80, 82, 84, 86, 87])
(254, [3, 6, 9, 10, 14, 16, 17, 19, 21, 23, 25, 26, 28, 30, 33, 34, 35, 38, 39, 40, 43, 44, 45, 48, 49, 50, 53, 54, 55, 58, 59, 60, 62])
(255, [3, 13, 15, 16, 19, 21, 23, 24, 25, 28, 29, 30, 33, 34, 35, 38, 39, 40, 43, 44, 45, 48, 50, 55, 58, 59, 60, 63, 64, 65, 68, 69, 70, 73, 74, 75, 78, 79, 80, 83, 84, 106, 108, 110, 111, 113, 115, 118, 119, 120, 123, 124, 125, 128, 129, 130, 133, 134, 135, 138, 139, 140, 143, 145, 146, 149, 150, 153, 154, 155, 158, 159, 161, 163, 165, 168, 170, 173, 174, 175, 178, 179, 180, 183, 190, 193, 194, 195, 198, 199, 201, 202])
(256, [3, 34, 36, 40, 43, 44, 45, 47, 70, 73, 75, 76, 79, 80, 83, 85, 88, 89, 90, 93, 94, 95, 97, 99, 105, 108, 109, 110, 113, 114, 115, 118, 119, 120, 123, 124, 125, 127])
(257, [3, 13, 15, 36, 38, 41, 43, 45, 48, 49, 50, 53, 54, 55, 58, 59, 60, 63, 64, 65, 68, 69, 70, 73, 74, 75, 78, 79, 81, 83, 84, 86, 88, 89, 90, 92])
(258, [3, 6, 9, 13, 15, 16, 17, 19, 20, 23, 24, 25, 28, 29, 31, 33, 34, 35, 38, 39, 40, 43, 44, 45, 48, 49, 50, 53, 54, 55, 58, 59, 60, 63, 64, 65, 68, 69, 70, 73, 74, 75, 78, 79, 80, 83, 84, 85, 88, 89, 90, 93, 94, 95, 98, 99, 116, 118, 121, 123, 125, 128, 129, 130, 133, 134, 135, 138, 139, 140, 143, 144, 145, 148, 149, 150, 153, 154, 155, 158, 160, 163, 165, 168, 175, 178, 179, 180, 183, 184, 188, 190, 191, 193, 196, 198, 200, 203, 204, 205, 208, 209, 210, 213, 214, 224, 226, 227])
(259, [3, 4, 6])
(260, [3, 7, 9, 11, 12, 14, 15, 18, 19, 20, 23, 24, 25, 28, 29, 30, 33, 34, 35, 37])
(261, [3, 4, 6, 9, 11, 13, 15, 16, 18, 19, 20, 22, 24, 26, 27, 29, 48, 50, 51, 54, 55, 58, 59, 60, 63, 64, 65, 68, 69, 70, 73, 74, 94, 96, 100, 103, 104, 105, 108, 109, 110, 113, 114, 115, 118, 119, 120, 123, 124, 128, 130, 132, 134, 135, 138, 140, 143, 144, 146, 148, 150, 152, 155, 157, 159, 160, 163, 165, 167, 169, 171, 173, 174, 176, 178, 179, 180, 183, 184, 185, 187, 189, 190, 192, 194, 195, 197])
(262, [3, 13, 15, 36, 38, 41, 43, 45, 48, 49, 50, 53, 54, 55, 58, 59, 60, 63, 64, 65, 68, 69, 70, 73, 75, 78, 79, 81, 82])
(263, [3, 13, 15, 16, 19, 20, 23, 24, 25, 28, 29, 30, 33, 34, 35, 38, 39, 40, 43, 44, 45, 48, 49, 50, 53, 54, 55, 58, 59, 76, 78, 81, 83, 85, 88, 89, 90, 93, 94, 95, 98, 99, 100, 103, 104, 105, 108, 109, 110, 113, 114, 115, 118, 120, 123, 125, 128, 129, 130, 133, 134, 135, 137])
(264, [3, 6, 9, 10, 55, 57])
(265, [3, 13, 15, 20, 23, 24, 25, 27])
(266, [3, 6, 9, 10, 16, 18, 19, 20, 23, 24, 25, 28, 29, 30, 33, 34, 35, 38, 39, 40, 43, 44, 45, 48, 49, 50, 53, 54, 55, 58, 60, 62])
(267, [3, 6, 9, 10, 35, 38, 39, 45, 48, 49, 50, 53, 54, 56, 58, 60, 63, 64, 65, 67, 69, 70, 72])
(268, [3, 4, 6])
(269, [3, 14, 16, 20, 23, 24, 26, 28, 30, 33, 34, 35, 38, 39, 40, 43, 44, 45, 47])
(270, [3, 13, 15, 18, 19, 20, 23, 24, 25, 28, 29, 30, 33, 34, 35, 37, 40, 43, 44, 46, 49, 50, 53, 54, 55, 58, 60, 63, 64, 65, 68, 71, 73, 75, 78, 79, 80, 82])
(271, [3, 9, 11, 12, 14, 15, 18, 19, 35, 38, 39, 40, 41, 43, 45, 47])
(272, [3, 13, 15, 16, 20, 22])
(273, [3, 4, 6, 15, 18, 19, 20, 23, 24, 25, 28, 29, 30, 33, 34, 35, 38, 39, 40, 43, 44, 45, 48, 49, 50, 53, 61, 63, 66, 68, 71, 73, 75, 78, 80, 83, 84, 85, 87])
(274, [3, 19, 21, 22, 24, 26, 27, 29, 35, 38, 39, 40, 43, 44, 45, 48, 49, 50, 53, 54, 69, 71, 72, 74, 75, 78, 79, 95, 98, 99, 101, 103, 105, 106, 108, 111, 113, 115, 118, 120, 122, 124, 125, 127, 129, 130, 131, 132])
(275, [3, 15, 17])
(276, [3, 6, 9, 10, 13, 15, 16, 17, 19, 20, 23, 24, 25, 28, 29, 34, 35, 38, 39, 40, 42, 44, 45, 48, 49, 50, 53, 54, 55, 57])
(277, [3, 4, 6])
(278, [2, 3, 5, 7, 9, 11, 12, 14, 15, 18, 19, 20, 23, 24, 33, 35, 38, 40, 43, 44, 45, 47, 49, 50, 52])
(279, [1, 3, 5, 7, 9, 10, 15, 18, 19, 20, 23, 24, 26, 28, 41, 43, 45, 48, 49, 50, 52])
(280, [1, 3, 5, 13, 15, 16, 19, 20, 23, 24, 26, 28, 29, 35, 37, 38, 40, 44, 45, 48, 49, 50, 53, 54, 55, 58, 59, 60, 62, 70, 73, 74, 75, 78, 79, 80, 83, 85, 87])
(281, [2, 3, 5, 35, 38, 39, 40, 43, 44, 70, 73, 74, 75, 78, 79, 80, 83, 84, 85, 87, 89, 90, 92])
(282, [1, 3, 5, 7, 9, 10, 14, 16, 20, 23, 24, 25, 28, 29, 30, 33, 34, 35, 37])
(283, [1, 3, 5, 6, 9, 10, 13, 15, 16, 17, 19, 20, 23, 24, 25, 28, 29, 30, 33, 34, 35, 38, 39, 40, 43, 44, 45, 47, 50, 53, 54, 60, 63, 65, 68, 69, 71, 72])
(284, [1, 3, 5, 6, 9, 10, 11, 12, 14, 30, 33, 34, 35, 38, 39, 40, 43, 44, 45, 48, 49, 52, 54, 56, 57, 59, 75, 78, 79, 80, 83, 84, 85, 88, 89, 90, 93, 94, 102, 105, 107])
(285, [1, 3, 5, 13, 15, 25, 28, 29, 31, 32])
(286, [3, 4, 6])
(287, [1, 3, 5, 15, 18, 19, 20, 23, 24, 25, 28, 29, 30, 33, 34, 36, 38, 39, 40, 43, 44, 45, 48, 49, 50, 53, 54, 55, 58, 59, 60, 63, 64, 65, 68, 69, 70, 73, 74, 75, 78, 80, 83, 84, 86, 87])
(288, [2, 3, 5, 11, 12, 14, 18, 20, 30, 33, 34, 55, 58, 59, 66, 68, 80, 82, 84, 86, 87, 89, 90, 92])
(289, [1, 3, 5, 20, 23, 24, 26, 28, 31, 33, 34, 35, 38, 39, 40, 43, 44, 45, 47])
(290, [1, 3, 5, 16, 18, 19, 21, 26, 28, 29, 30, 33, 34, 35, 38, 39, 40, 43, 44, 45, 48, 49, 50, 53, 55, 58, 59, 60, 63, 70, 73, 74, 75, 78, 80, 83, 84, 85, 88, 89, 90, 92])
(291, [1, 3, 5, 6, 9, 10, 13, 15, 16, 17, 20, 22, 25, 28, 29, 30, 33, 34, 35, 38, 39, 40, 43, 44, 45, 48, 49, 50, 52, 54, 55, 57])
(292, [1, 3, 5, 16, 17, 19, 20, 23, 24, 25, 28, 29, 30, 32])
(293, [1, 3, 5, 6, 9, 10, 15, 18, 19, 20, 23, 24, 25, 28, 29, 30, 33, 34, 35, 38, 39, 40, 43, 44, 45, 48, 49, 50, 53, 54, 55, 58, 59, 60, 63, 64, 65, 68, 70, 72])
(294, [1, 3, 5, 19, 21, 22, 24, 27, 30, 33, 35, 40, 43, 44, 45, 48, 49, 50, 53, 54, 55, 58, 59, 60, 63, 64, 72, 74, 90, 93, 94, 95, 98, 99, 100, 103, 105, 107, 108, 110, 112])
(295, [3, 4, 6])
(296, [1, 3, 5, 13, 15, 18, 19, 25, 28, 29, 30, 33, 34, 35, 38, 39, 40, 42])
(297, [1, 3, 5, 15, 18, 19, 20, 23, 24, 25, 28, 29, 30, 33, 34, 35, 38, 39, 40, 43, 44, 45, 48, 49, 50, 53, 54, 55, 58, 59, 60, 63, 64, 65, 68, 69, 70, 73, 74, 75, 78, 79, 80, 83, 84, 85, 88, 89, 90, 93, 94, 95, 98, 99, 100, 102])
(298, [1, 3, 5, 9, 11, 13, 15, 17, 40, 43, 44, 45, 48, 49, 50, 53, 54, 55, 58, 59, 61, 63, 65, 68, 69, 93, 95, 98, 100, 103, 115, 117, 119, 120, 122, 124, 125, 127])
(299, [1, 3, 5, 6, 9, 10, 13, 15, 35, 38, 39, 40, 43, 44, 45, 48, 49, 50, 53, 54, 55, 58, 59, 61, 62])
(300, [1, 3, 5, 13, 15, 16, 18, 19, 21, 22, 24, 25, 28, 29, 30, 33, 34, 35, 38, 39, 40, 43, 44, 45, 47, 49, 50, 53, 54, 61, 63, 64, 66, 70, 73, 74, 75, 78, 79, 80, 83, 84, 85, 87])
(301, [1, 3, 5, 9, 11, 12, 14, 25, 28, 29, 30, 33, 34, 36, 37, 39, 50, 53, 54, 55, 58, 59, 60, 63, 65, 68, 69, 70, 73, 74, 76, 77, 78, 80, 83, 84, 85, 87, 89, 90, 93, 95, 97, 100, 102])
(302, [1, 3, 5, 13, 15, 18, 19, 21, 23, 25, 28, 29, 30, 33, 34, 35, 38, 39, 40, 42])
(303, [1, 3, 5, 15, 18, 19, 20, 22, 25, 28, 29, 30, 33, 34, 35, 38, 39, 40, 43, 44, 45, 48, 49, 50, 53, 54, 65, 67])
(304, [3, 4, 6])
(305, [1, 3, 5, 6, 9, 10, 15, 17, 20, 23, 24, 26, 28, 29, 35, 38, 39, 40, 43, 44, 46, 47, 48, 50, 51, 54, 55, 57])
(306, [1, 3, 5, 13, 15, 18, 19, 24, 26, 27])
(307, [1, 3, 5, 6, 9, 10, 13, 15, 16, 17, 19, 21, 23, 24, 25, 28, 29, 30, 33, 34, 35, 38, 39, 40, 43, 44, 45, 48, 49, 50, 53, 54, 55, 58, 59, 60, 63, 64, 65, 68, 69, 70, 73, 74, 75, 78, 79, 80, 83, 84, 86, 88, 91, 93, 95, 98, 100, 101, 104, 105, 107])
(308, [1, 3, 5, 34, 36, 40, 43, 44, 45, 48, 49, 50, 53, 54, 55, 58, 59, 60, 63, 64, 66, 74, 76, 90, 93, 94, 95, 98, 99, 100, 103, 104, 105, 108, 110, 113, 114, 121, 123, 124, 126, 127, 128, 130, 133, 134, 135, 137, 139, 140, 143, 144, 145, 147, 150, 153, 154, 155, 157])
(309, [1, 3, 5, 16, 17, 19, 26, 28, 31, 33, 35, 38, 39, 40, 43, 44, 45, 48, 49, 50, 53, 54, 55, 58, 59, 60, 63, 64, 75, 77])
(310, [1, 3, 5, 16, 18, 19, 20, 23, 24, 25, 28, 29, 30, 33, 34, 35, 38, 39, 40, 43, 44, 45, 48, 49, 50, 53, 54, 55, 58, 59, 60, 63, 64, 65, 68, 69, 70, 73, 74, 86, 88, 91, 93, 95, 98, 99, 100, 103, 104, 105, 108, 109, 110, 113, 114, 115, 118, 119, 120, 123, 124, 125, 128, 129, 130, 133, 134, 145, 148, 149, 150, 153, 154, 155, 158, 159, 160, 163, 164, 165, 167])
(311, [1, 3, 5, 11, 12, 14, 20, 22, 25, 28, 29, 30, 33, 34, 35, 38, 39, 40, 43, 44, 45, 48, 49, 53, 55, 57, 59, 60, 63, 64, 65, 68, 69, 70, 73, 74, 75, 78, 79, 80, 83, 84, 85, 88, 89, 90, 92, 95, 97, 100, 102, 105, 107, 109, 110, 112, 114, 115, 117])
(312, [1, 3, 5, 21, 23, 29, 31, 32])
(313, [3, 4, 6])
(314, [1, 3, 5, 15, 18, 19, 20, 23, 24, 25, 28, 29, 30, 33, 34, 35, 38, 39, 40, 43, 44, 45, 48, 49, 50, 53, 54, 55, 58, 59, 60, 63, 64, 65, 68, 69, 79, 81, 85, 88, 89, 90, 93, 94, 95, 98, 99, 100, 103, 104, 105, 108, 109, 111, 113, 119, 121, 122])
(315, [1, 3, 5, 6, 9, 10, 19, 21, 35, 38, 39, 44, 46, 60, 63, 64, 65, 67, 69, 71, 72])
(316, [1, 3, 5, 13, 15, 41, 43, 44, 45, 48, 49, 50, 53, 54, 55, 58, 59, 60, 63, 65, 67])
(317, [1, 3, 5, 13, 15, 16, 18, 23, 25, 27, 29, 30, 33, 34, 35, 38, 39, 40, 43, 44, 60, 63, 64, 71, 73, 81, 83, 90, 93, 94, 95, 98, 99, 100, 102])
(318, [1, 3, 5, 33, 35, 37, 39, 40, 43, 44, 46, 47, 49, 63, 65, 67, 69, 70, 73, 74, 75, 78, 79, 80, 83, 84, 85, 88, 89, 90, 92, 100, 102, 105, 106, 108, 110, 113, 115, 117, 119, 120, 122])
(319, [1, 3, 5, 13, 15, 20, 22])
(320, [1, 3, 5, 13, 15, 16, 17, 19, 20, 23, 24, 25, 28, 29, 30, 33, 34, 35, 38, 39, 41, 42])
(321, [1, 3, 5, 14, 16, 19, 21, 35, 37, 40, 43, 44, 46, 48, 49, 50, 53, 54, 56, 57, 59, 61, 62, 64, 66, 73, 75, 77, 79, 80, 83, 84, 85, 88, 90, 91, 94, 95, 97])
(322, [3, 4, 6])
(323, [1, 3, 5, 13, 15, 16, 17, 19, 21, 22])
(324, [1, 3, 5, 13, 15, 16, 19, 20, 23, 24, 25, 28, 29, 30, 33, 34, 40, 43, 44, 45, 48, 49, 50, 53, 54, 55, 58, 59, 60, 63, 65, 68, 70, 73, 74, 75, 78, 81, 83, 85, 88, 89, 90, 93, 94, 95, 97])
(325, [1, 3, 5, 6, 9, 10, 12, 14, 15, 18, 19, 20, 23, 24, 25, 28, 29, 31, 33, 34, 35, 38, 45, 47, 50, 52, 56, 58, 60, 62])
(326, [1, 3, 5, 7, 9, 10, 13, 15, 16, 17, 19, 20, 23, 24, 25, 28, 29, 30, 33, 34, 35, 38, 39, 45, 48, 49, 50, 52])
(327, [1, 3, 5, 13, 15, 16, 17, 19, 20, 23, 24, 25, 28, 29, 30, 33, 34, 35, 38, 40, 44, 45, 48, 49, 50, 53, 54, 55, 58, 59, 60, 63, 65, 85, 88, 89, 90, 91, 94, 95, 98, 99, 100, 103, 104, 105, 108, 109, 110, 113, 114, 121, 123, 145, 147])
(328, [1, 3, 5, 14, 16, 29, 31, 33, 35, 37, 39, 40, 43, 44, 45, 48, 49, 50, 53, 54, 55, 58, 59, 60, 63, 64, 66, 67, 69, 85, 88, 89, 90, 92, 94, 95, 97, 99, 100, 102])
(329, [1, 3, 5, 6, 9, 10, 14, 16, 17, 19, 40, 43, 44, 45, 48, 49, 50, 53, 54, 55, 57])
(330, [1, 3, 5, 13, 15, 16, 19, 20, 23, 24, 25, 28, 29, 30, 33, 34, 35, 38, 39, 40, 43, 44, 45, 48, 49, 50, 53, 54, 55, 58, 59, 60, 63, 64, 75, 78, 80, 83, 86, 88, 90, 93, 94, 95, 98, 99, 100, 103, 104, 105, 108, 109, 110, 112])
(331, [3, 4, 6])
(332, [1, 3, 5, 40, 43, 44, 45, 48, 49, 75, 78, 79, 80, 82, 90, 93, 95, 98, 99, 100, 102])
(333, [1, 3, 5, 14, 16, 18, 20, 23, 25, 28, 29, 31, 32])
(334, [1, 3, 5, 13, 15, 16, 17, 19, 21, 23, 24, 25, 28, 29, 30, 33, 34, 39, 40, 43, 44, 45, 48, 49, 50, 53, 54, 55, 58, 59, 60, 63, 64, 71, 73, 76, 78, 80, 83, 85, 86, 89, 90, 93, 94, 95, 98, 99, 100, 103, 104, 105, 108, 109, 110, 113, 114, 115, 118, 119, 125, 127])
(335, [1, 3, 5, 9, 11, 13, 15, 16, 18, 19, 21, 23, 24, 43, 45, 55, 58, 59, 60, 63, 64, 66, 67, 69, 84, 86, 87, 89, 90, 93, 94, 95, 97, 98, 100, 102, 105, 107, 110, 112, 114, 115, 117, 120, 122])
(336, [1, 3, 5, 13, 15, 16, 17, 19, 36, 38, 45, 48, 49, 50, 53, 54, 55, 58, 59, 60, 63, 64, 65, 67])
(337, [1, 3, 5, 13, 15, 16, 19, 20, 23, 24, 25, 28, 29, 30, 33, 34, 35, 38, 39, 40, 43, 44, 45, 48, 49, 50, 53, 54, 60, 63, 64, 65, 68, 69, 70, 73, 74, 75, 78, 79, 80, 83, 84, 85, 88, 89, 110, 113, 114, 115, 118, 119, 120, 123, 124, 125, 128, 130, 133, 134, 135, 138, 139, 146, 148, 150, 153, 155, 158, 159, 175, 178, 179, 180, 182])
(338, [1, 3, 5, 9, 11, 13, 15, 18, 19, 20, 23, 24, 35, 38, 39, 70, 73, 74, 75, 78, 79, 82, 83, 85, 96, 98, 99, 100, 103, 104, 105, 108, 110, 112, 114, 115, 118, 119, 120, 123, 124, 125, 127])
(339, [1, 3, 5, 6, 9, 10, 31, 33, 35, 38, 39, 40, 43, 44, 45, 48, 49, 50, 53, 54, 55, 57])
(340, [3, 4, 6])
(341, [1, 3, 5, 15, 18, 19, 20, 23, 24, 25, 28, 29, 30, 33, 34, 35, 38, 39, 40, 43, 44, 45, 48, 49, 54, 56, 71, 73, 80, 83, 84, 85, 88, 89, 90, 93, 94, 95, 98, 99, 100, 103, 104, 105, 108, 109, 110, 113, 114, 121, 123, 126, 128, 130, 133, 134, 135, 138, 139, 150, 153, 154, 155, 158, 159, 160, 162])
(342, [1, 3, 5, 26, 27, 29, 35, 38, 39, 40, 43, 44, 51, 52, 54, 65, 68, 69, 70, 73, 74, 75, 78, 79, 80, 81, 84, 85, 87])
(343, [1, 3, 5, 11, 12, 14, 16, 17])
(344, [1, 3, 5, 15, 18, 19, 20, 23, 24, 25, 28, 30, 35, 38, 39, 40, 43, 44, 50, 53, 54, 55, 58, 60, 63, 64, 66, 67])
(345, [1, 3, 5, 9, 11, 12, 14, 21, 22, 24, 25, 28, 29, 30, 33, 34, 35, 38, 40, 43, 44, 45, 47])
(346, [1, 3, 5, 13, 15, 18, 19, 21, 22])
(347, [1, 3, 5, 6, 9, 10, 13, 15, 16, 17, 19, 20, 23, 24, 25, 28, 29, 30, 33, 34, 35, 38, 39, 40, 43, 44, 45, 48, 49, 50, 53, 54, 60, 63, 64, 65, 68, 69, 70, 72])
(348, [1, 3, 5, 13, 15, 22, 24, 31, 32, 34, 35, 38, 39, 44, 46, 53, 55, 56, 57, 59, 60, 63, 64, 65, 68, 69, 70, 73, 74, 75, 78, 79, 80, 83, 85, 87, 89, 90, 92, 94, 95, 97])
(349, [3, 4, 6])
(350, [1, 3, 5, 15, 18, 19, 25, 28, 29, 30, 33, 34, 35, 38, 39, 40, 43, 44, 46, 48, 50, 53, 54, 55, 58, 59, 60, 63, 64, 65, 67])
(351, [1, 3, 5, 16, 18, 19, 21, 23, 24, 28, 30, 33, 34, 35, 37, 39, 40, 43, 44, 45, 48, 49, 50, 53, 54, 55, 58, 59, 65, 68, 69, 70, 73, 74, 75, 78, 79, 80, 83, 84, 85, 87])
(352, [1, 3, 5, 7, 9, 10, 14, 16, 30, 31, 34, 35, 36, 37])
(353, [1, 3, 5, 20, 22])
(354, [1, 3, 5, 13, 15, 16, 19, 20, 23, 24, 25, 28, 29, 45, 48, 49, 50, 53, 54, 55, 58, 59, 60, 63, 64, 65, 68, 69, 70, 73, 74, 76, 78, 80, 83, 84, 100, 103, 104, 106, 108, 109, 111, 112])
(355, [1, 3, 5, 33, 35, 40, 43, 44, 45, 48, 49, 50, 53, 54, 64, 66, 73, 75, 80, 83, 84, 86, 88, 100, 102, 105, 107, 109, 110, 112, 114, 115, 117])
(356, [1, 3, 5, 6, 9, 10, 13, 15, 16, 17, 19, 36, 38, 40, 43, 44, 45, 48, 49, 50, 53, 54, 55, 58, 59, 60, 63, 64, 65, 68, 69, 71, 72])
(357, [1, 3, 5, 13, 15, 16, 17, 19, 20, 23, 24, 26, 28, 29, 30, 33, 34, 35, 38, 39, 40, 43, 45, 50, 53, 54, 55, 58, 59, 60, 63, 64, 65, 68, 69, 70, 73, 74, 91, 93, 100, 103, 104, 105, 108, 109, 110, 113, 114, 115, 118, 119, 120, 123, 124, 125, 128, 129, 131, 133, 140, 143, 144, 145, 147])
(358, [3, 4, 6])
(359, [1, 3, 5, 40, 43, 44, 45, 48, 49, 50, 53, 54, 64, 66, 80, 83, 84, 85, 88, 89, 91, 93, 95, 97])
(360, [1, 3, 5, 6, 9, 10, 13, 15, 16, 17, 19, 20, 23, 24, 25, 28, 29, 30, 33, 34, 41, 43, 45, 48, 49, 50, 53, 54, 55, 57])
(361, [1, 3, 5, 13, 15, 16, 19, 21, 23, 24, 25, 28, 29, 30, 33, 34, 35, 38, 39, 40, 42, 44, 45, 48, 49, 50, 53, 54, 55, 58, 59, 60, 63, 64, 65, 67, 70, 73, 74, 80, 82])
(362, [1, 3, 5, 14, 16, 25, 28, 29, 34, 36, 39, 41, 50, 53, 54, 56, 58, 60, 62, 64, 65, 68, 70, 72, 74, 75, 78, 79, 80, 82])
(363, [1, 3, 5, 13, 15, 16, 17, 19, 20, 22])
(364, [1, 3, 5, 6, 9, 10, 15, 18, 19, 20, 23, 24, 25, 28, 29, 30, 33, 34, 35, 38, 39, 40, 43, 44, 45, 48, 49, 50, 53, 54, 55, 58, 59, 60, 63, 65, 67, 70, 72])
(365, [1, 3, 5, 24, 26, 30, 33, 34, 43, 45, 48, 49, 56, 58, 62, 64, 65, 67, 69, 70, 72, 74, 75, 77])
(366, [1, 3, 5, 11, 12, 14, 16, 18, 19, 21, 25, 28, 29, 30, 33, 34, 35, 38, 39, 41, 42])
(367, [3, 4, 6])
(368, [1, 3, 5, 13, 15, 16, 17, 19, 21, 23, 24, 26, 28, 29, 30, 33, 34, 35, 38, 39, 40, 43, 44, 45, 48, 49, 70, 73, 74, 75, 78, 79, 80, 83, 84, 85, 88, 89, 90, 93, 94, 95, 98, 101, 103, 105, 108, 109, 125, 128, 129, 130, 133, 134, 135, 137])
(369, [1, 3, 5, 29, 31, 35, 38, 39, 40, 43, 44, 45, 48, 49, 54, 56, 59, 61, 75, 77, 81, 84, 85, 87])
(370, [1, 3, 5, 6, 9, 10, 15, 18, 19, 36, 38, 39, 40, 43, 44, 45, 48, 49, 50, 53, 54, 55, 58, 59, 65, 68, 69, 70, 72])
(371, [1, 3, 5, 6, 9, 10, 13, 15, 16, 19, 20, 23, 24, 25, 28, 29, 30, 33, 34, 35, 38, 40, 45, 48, 49, 50, 53, 54, 60, 63, 64, 65, 68, 69, 70, 73, 74, 75, 78, 79, 80, 83, 84, 85, 88, 89, 90, 93, 94, 96, 98, 105, 107])
(372, [1, 3, 5, 14, 16, 19, 21, 24, 26, 40, 43, 44, 45, 48, 49, 50, 53, 54, 55, 58, 59, 60, 63, 64, 85, 88, 89, 90, 93, 94, 95, 98, 99, 100, 103, 105, 108, 109, 110, 112, 114, 116, 117])
(373, [1, 3, 5, 13, 15, 18, 19, 20, 23, 24, 25, 28, 29, 30, 33, 34, 35, 38, 39, 41, 43, 44, 46, 47])
(374, [1, 3, 5, 13, 15, 16, 17, 19, 20, 23, 24, 25, 28, 29, 30, 33, 34, 35, 38, 39, 55, 58, 59, 60, 63, 65, 68, 69, 70, 73, 74, 76, 77])
(375, [1, 3, 5, 6, 9, 10, 14, 16, 17, 19, 21, 22, 24, 35, 38, 39, 44, 46, 47, 49, 51, 52, 54, 60, 62, 64, 65, 67, 69, 71, 72])
(376, [3, 4, 6])
(377, [1, 3, 5, 7, 9, 10, 15, 18, 19, 25, 28, 29, 30, 33, 34, 36, 37])
(378, [1, 3, 5, 6, 9, 10, 13, 15, 16, 19, 20, 23, 24, 25, 28, 29, 30, 33, 34, 35, 38, 39, 40, 42, 43, 45, 50, 53, 54, 55, 58, 59, 60, 63, 64, 65, 68, 69, 70, 72])
(379, [1, 3, 5, 24, 26, 35, 38, 39, 40, 43, 44, 45, 48, 49, 54, 56, 75, 78, 79, 80, 83, 84, 85, 88, 89, 90, 92, 96, 99, 100, 101, 102])
(380, [1, 3, 5, 13, 15, 16, 17, 19, 21, 23, 24, 25, 28, 29, 30, 33, 34, 35, 38, 39, 40, 43, 44, 45, 48, 49, 51, 53, 55, 58, 59, 60, 63, 64, 65, 67])
(381, [1, 3, 5, 9, 11, 12, 15, 17, 19, 20, 23, 24, 25, 28, 29, 30, 33, 34, 35, 38, 39, 42, 44, 45, 47])
(382, [1, 3, 5, 30, 33, 35, 38, 39, 41, 42])
(383, [1, 3, 5, 13, 15, 16, 19, 20, 22, 25, 28, 29, 30, 33, 34, 35, 38, 39, 40, 43, 44, 45, 48, 49, 51, 53, 56, 58, 60, 63, 64, 65, 68, 69, 71, 73, 74, 75, 78, 79, 80, 83, 85, 88, 89, 90, 92])
(384, [1, 3, 5, 33, 35, 37, 39, 40, 43, 44, 63, 65, 67, 69, 70, 73, 74, 75, 78, 79, 80, 83, 85, 87, 89, 92, 93, 95, 97])
(385, [3, 4, 6])
(386, [1, 3, 5, 11, 12, 14, 20, 23, 24, 25, 28, 29, 30, 33, 34, 35, 38, 39, 41, 42])
(387, [1, 3, 5, 13, 15, 16, 17, 19, 21, 23, 24, 25, 28, 29, 30, 33, 34, 35, 38, 39, 40, 43, 44, 45, 48, 49, 65, 68, 69, 70, 73, 74, 76, 78, 79, 80, 83, 105, 108, 109, 110, 113, 114, 115, 118, 124, 126, 127])
(388, [1, 3, 5, 33, 35, 37, 39, 40, 43, 44, 54, 56, 57, 59, 65, 68, 69, 70, 73, 74, 75, 77, 78, 80, 83, 85, 87, 90, 93, 95, 98, 99, 101, 102])
(389, [1, 3, 5, 7, 9, 10, 14, 16, 26, 28, 35, 37])
(390, [1, 3, 5, 13, 15, 16, 19, 20, 23, 24, 25, 28, 29, 30, 33, 34, 35, 38, 39, 40, 43, 44, 45, 48, 49, 50, 53, 54, 55, 58, 59, 61, 66, 68, 70, 73, 74, 75, 77])
(391, [1, 3, 5, 6, 9, 10, 12, 14, 15, 18, 19, 21, 22, 24, 25, 27, 29, 35, 38, 39, 40, 43, 44, 45, 48, 49, 50, 53, 54, 55, 57, 59, 60, 62])
(392, [1, 3, 5, 15, 18, 20, 22])
(393, [1, 3, 5, 15, 18, 19, 21, 23, 24, 25, 28, 29, 30, 33, 34, 35, 38, 39, 40, 43, 44, 45, 48, 49, 50, 53, 54, 56, 58, 60, 61, 64, 65, 68, 70, 71, 73, 75, 80, 83, 84, 85, 88, 89, 90, 92])
(394, [3, 4, 6])
(395, [1, 3, 5, 9, 11, 12, 15, 17, 19, 20, 23, 24, 25, 28, 29, 30, 33, 34, 35, 38, 39, 40, 43, 44, 50, 52, 54, 56, 57, 60, 63, 66, 68, 75, 78, 80, 81, 84, 85, 88, 89, 90, 92])
(396, [1, 3, 5, 13, 15, 18, 20, 22, 25, 28, 29, 30, 33, 34, 35, 38, 39, 40, 43, 44, 45, 47])
(397, [1, 3, 5, 16, 18, 19, 21, 23, 24, 25, 28, 29, 30, 33, 34, 35, 38, 39, 40, 43, 44, 45, 48, 49, 50, 53, 54, 55, 58, 59, 60, 63, 64, 65, 68, 69, 70, 73, 75, 76, 78, 80, 83, 85, 88, 90, 93, 94, 95, 98, 99, 100, 103, 104, 110, 112])
(398, [1, 3, 5, 15, 17, 19, 20, 22, 24, 29, 31, 35, 38, 39, 40, 43, 44, 45, 48, 49, 65, 67, 70, 72, 74, 75, 78, 79, 80, 83, 84, 85, 88, 89, 90, 92])
(399, [1, 3, 5, 13, 15, 18, 19, 20, 22])
(400, [1, 3, 5, 6, 9, 10, 13, 15, 16, 17, 19, 20, 23, 24, 25, 28, 29, 30, 33, 34, 35, 38, 39, 40, 43, 44, 45, 48, 50, 55, 58, 60, 62])
(401, [1, 3, 5, 11, 12, 14, 25, 28, 29, 30, 32, 35, 38, 39, 40, 42])
(402, [1, 3, 5, 15, 18, 20, 22])
(403, [3, 4, 6])
(404, [1, 3, 5, 13, 15, 16, 19, 20, 23, 24, 25, 28, 29, 30, 33, 34, 35, 38, 39, 40, 43, 44, 45, 48, 49, 50, 53, 54, 55, 58, 59, 60, 63, 64, 65, 68, 70, 73, 74, 75, 78, 79, 80, 83, 84, 85, 88, 89, 90, 92])
(405, [1, 3, 5, 6, 9, 10, 35, 37, 45, 47, 52, 54, 55, 57, 59, 60, 62])
(406, [1, 3, 5, 13, 15, 16, 18, 25, 28, 30, 32])
(407, [1, 3, 5, 15, 18, 19, 20, 23, 24, 25, 28, 29, 30, 33, 34, 35, 38, 39, 40, 43, 44, 45, 48, 49, 50, 53, 54, 55, 58, 59, 60, 63, 64, 65, 68, 69, 70, 73, 74, 75, 78, 79, 81, 83, 85, 88, 90, 93, 94, 95, 98, 99, 100, 103, 104, 105, 108, 109, 110, 113, 114, 115, 118, 119, 121, 122])
(408, [1, 3, 5, 35, 37, 40, 43, 44, 45, 48, 49, 50, 53, 54, 56, 58, 59, 60, 63, 64, 90, 93, 94, 96, 98, 100, 102, 104, 105, 107, 109, 110, 113, 114, 115, 117])
(409, [1, 3, 5, 6, 9, 10, 15, 18, 19, 21, 22, 24, 25, 28, 29, 30, 33, 34, 35, 38, 40, 41, 43, 45, 48, 49, 50, 53, 54, 55, 58, 59, 60, 62])
(410, [1, 3, 5, 13, 15, 16, 17, 19, 21, 23, 24, 26, 30, 33, 34, 35, 38, 39, 40, 43, 44, 45, 48, 49, 50, 53, 54, 60, 63, 64, 65, 66, 69, 70, 73, 74, 75, 78, 80, 83, 84, 85, 88, 89, 90, 93, 94, 95, 98, 100, 102])
(411, [1, 3, 5, 25, 28, 29, 30, 33, 34, 35, 38, 39, 40, 43, 44, 45, 48, 49, 65, 68, 69, 70, 73, 74, 75, 78, 79, 80, 83, 85, 87, 89, 90, 92, 95, 97, 101, 103, 105, 107, 109, 110, 112, 114, 115, 117])
(412, [3, 4, 6])
(413, [1, 3, 5, 6, 9, 10, 35, 38, 39, 40, 43, 44, 45, 48, 49, 50, 53, 55, 57])
(414, [1, 3, 5, 15, 18, 19, 20, 23, 24, 25, 28, 29, 30, 33, 34, 35, 38, 39, 60, 63, 64, 65, 68, 69, 70, 73, 74, 75, 78, 79, 80, 83, 85, 87])
(415, [1, 3, 5, 14, 16, 17, 19, 35, 38, 39, 40, 43, 44, 49, 51, 52, 54, 65, 68, 69, 70, 73, 74, 75, 78, 79, 80, 83, 84, 85, 88, 89, 90, 92, 94, 95, 97, 100, 102])
(416, [1, 3, 5, 15, 18, 19, 20, 23, 24, 25, 28, 29, 30, 33, 34, 35, 38, 39, 41, 42])
(417, [1, 3, 5, 16, 18, 19, 21, 23, 24, 25, 28, 29, 34, 35, 38, 39, 40, 43, 44, 45, 48, 49, 55, 58, 60, 63, 64, 65, 68, 69, 70, 73, 74, 75, 78, 79, 80, 83, 84, 85, 88, 89, 90, 93, 94, 95, 98, 99, 100, 102])
(418, [1, 3, 5, 11, 12, 14, 20, 23, 24, 42, 45, 46, 47])
(419, [1, 3, 5, 6, 9, 10, 13, 15, 18, 19, 30, 33, 35, 36, 39, 40, 43, 44, 45, 48, 49, 51, 53, 55, 57])
(420, [1, 3, 5, 13, 15, 16, 19, 21, 23, 24, 26, 28, 29, 30, 33, 34, 35, 38, 39, 40, 43, 44, 45, 48, 49, 50, 53, 54, 65, 68, 69, 70, 73, 74, 75, 78, 79, 80, 83, 84, 85, 88, 90, 92])
(421, [3, 4, 6])
(422, [2, 3, 5, 35, 38, 39, 40, 43, 44, 45, 48, 49, 69, 71, 75, 78, 79, 80, 83, 84, 85, 88, 89, 90, 93, 94, 95, 98, 100, 103, 104, 105, 108, 109, 112, 114, 115, 117])
(423, [1, 3, 5, 13, 15, 18, 19, 20, 23, 24, 25, 28, 30, 32])
(424, [1, 3, 5, 13, 15, 16, 17, 19, 21, 23, 25, 26, 27, 29, 30, 33, 34, 35, 38, 39, 40, 43, 44, 45, 48, 49, 50, 53, 54, 55, 58, 60, 65, 68, 69, 71, 74, 76, 79, 80, 83, 84, 85, 88, 89, 90, 93, 94, 100, 102])
(425, [2, 3, 5, 14, 16, 17, 19, 21, 22, 24, 26, 40, 43, 44, 45, 48, 49, 50, 53, 54, 55, 58, 59, 60, 62, 86, 88, 90, 92, 94, 95, 97])
(426, [1, 3, 5, 13, 15, 16, 17, 19, 20, 23, 24, 25, 28, 29, 30, 33, 34, 35, 38, 40, 42])
(427, [1, 3, 5, 15, 17, 20, 23, 24, 25, 28, 29, 30, 32, 34, 35, 38, 39, 45, 48, 49, 50, 53, 54, 55, 58, 59, 60, 63, 66, 68, 75, 78, 79, 81, 83, 84, 86, 87])
(428, [1, 3, 5, 7, 9, 10, 35, 37, 38, 40, 43, 45, 48, 49, 50, 52])
(429, [1, 3, 5, 7, 9, 11, 12, 14, 20, 23, 24, 25, 28, 29, 30, 33, 34, 35, 38, 40, 41, 44, 49, 51, 52])
(430, [3, 4, 6])
(431, [1, 3, 5, 13, 15, 16, 19, 20, 23, 24, 25, 28, 29, 30, 33, 34, 35, 38, 39, 40, 43, 44, 45, 48, 49, 50, 53, 54, 56, 58, 60, 63, 64, 65, 68, 69, 70, 73, 74, 75, 78, 79, 80, 83, 84, 86, 87])
(432, [1, 3, 5, 12, 14, 15, 18, 19, 20, 23, 24, 25, 28, 29, 30, 33, 34, 36, 37, 39, 41, 42, 44, 46, 47, 49, 55, 57, 65, 68, 70, 73, 74, 75, 77, 79, 80, 82])
(433, [1, 3, 5, 6, 9, 10, 13, 15, 35, 38, 39, 40, 43, 44, 45, 48, 49, 50, 53, 54, 55, 57])
(434, [1, 3, 5, 13, 15, 16, 17, 19, 20, 23, 24, 25, 28, 29, 30, 33, 34, 35, 38, 39, 40, 43, 44, 45, 48, 49, 50, 53, 55, 80, 83, 84, 85, 88, 89, 90, 93, 94, 95, 98, 99, 100, 103, 104, 105, 108, 109, 116, 118, 121, 123, 125, 128, 129, 145, 148, 149, 150, 153, 156, 157])
(435, [1, 3, 5, 6, 9, 10, 24, 26, 33, 35, 37, 39, 40, 43, 44, 45, 48, 49, 51, 54, 56, 59, 61, 64, 66, 68, 70, 72, 74, 75, 78, 79, 80, 83, 85, 87, 90, 93, 94, 96, 99, 100, 102, 104, 105, 107])
(436, [1, 3, 5, 6, 9, 10, 15, 18, 19, 33, 35, 40, 43, 44, 45, 48, 49, 50, 53, 59, 61, 62])
(437, [1, 3, 5, 13, 15, 16, 17, 19, 20, 23, 24, 25, 28, 29, 30, 33, 34, 35, 37, 40, 43, 44, 49, 50, 53, 54, 73, 75, 76, 78, 81, 83, 85, 87, 90, 93, 94, 95, 98, 100, 103, 104, 120, 123, 128, 130, 132])
(438, [1, 3, 5, 9, 11, 12, 14, 16, 20, 23, 24, 26, 28, 29, 30, 33, 34, 35, 38, 39, 40, 42, 50, 52, 55, 57, 58, 60, 62, 65, 66, 68, 70, 73, 75, 77])
(439, [3, 4, 6])
(440, [1, 3, 5, 13, 15, 17])
(441, [1, 3, 5, 15, 17, 19, 20, 23, 25, 30, 33, 34, 35, 38, 39, 40, 43, 44, 45, 48, 49, 50, 53, 56, 58, 63, 65, 67])
(442, [1, 3, 5, 14, 16, 24, 26, 35, 38, 39, 44, 46, 60, 62, 64, 65, 67])
(443, [1, 3, 5, 6, 9, 10, 15, 18, 19, 20, 21, 24, 25, 28, 29, 30, 33, 34, 35, 38, 39, 41, 43, 45, 48, 49, 51, 53, 54, 55, 57])
(444, [1, 3, 5, 18, 20, 22, 24, 25, 28, 31, 32])
(445, [1, 3, 5, 11, 12, 14, 20, 23, 24, 25, 28, 29, 31, 48, 50, 52, 54, 55, 58, 59, 60, 63, 65, 66, 68, 70, 72, 75, 78, 80, 83, 84, 85, 87])
(446, [1, 3, 5, 7, 9, 10, 16, 18, 19, 20, 23, 24, 25, 28, 29, 30, 33, 34, 35, 37, 40, 43, 44, 45, 48, 49, 50, 52])
(447, [1, 3, 5, 11, 12, 14, 23, 25, 27, 29, 30, 33, 34, 35, 38, 39, 40, 43, 44, 45, 47, 48, 50, 52, 54, 55, 58, 59, 60, 63, 64, 65, 68, 69, 70, 73, 74, 75, 77, 78, 80, 82, 86, 88, 91, 93, 94, 95, 97, 99, 100, 102])
(448, [3, 4, 6])
(449, [1, 3, 5, 9, 11, 12, 14, 15, 17])
(450, [1, 3, 5, 13, 15, 16, 19, 21, 23, 24, 25, 28, 29, 30, 33, 34, 35, 38, 39, 40, 43, 44, 45, 48, 49, 50, 53, 54, 55, 58, 59, 60, 63, 64, 70, 73, 74, 75, 78, 79, 80, 83, 85, 87])
(451, [1, 3, 5, 24, 26, 35, 37, 39, 40, 43, 44, 60, 61, 63, 65, 67, 70, 72, 74, 75, 77])
(452, [1, 3, 5, 9, 11, 12, 14, 16, 18, 20, 23, 24, 26, 29, 30, 33, 34, 35, 38, 39, 40, 42])
(453, [1, 3, 5, 13, 15, 16, 17, 19, 20, 23, 24, 25, 28, 29, 34, 35, 38, 39, 40, 43, 44, 45, 48, 49, 50, 53, 54, 66, 68, 75, 78, 79, 80, 83, 85, 88, 89, 90, 93, 94, 95, 98, 99, 101, 106, 108, 110, 113, 114, 125, 128, 129, 131, 132])
(454, [1, 3, 5, 33, 35, 40, 43, 44, 45, 48, 49, 50, 53, 54, 55, 58, 59, 89, 90, 93, 94, 95, 98, 99, 100, 103, 104, 105, 106, 108, 110, 112, 114, 115, 117])
(455, [1, 3, 5, 6, 9, 10, 35, 38, 39, 40, 43, 44, 45, 48, 49, 50, 53, 54, 55, 58, 60, 62])
(456, [1, 3, 5, 15, 18, 19, 20, 22, 25, 28, 29, 30, 33, 34, 35, 38, 40, 45, 48, 49, 50, 53, 54, 55, 58, 59, 76, 78, 80, 83, 84, 85, 88, 89, 90, 93, 94, 95, 98, 99, 100, 103, 104, 105, 108, 109, 110, 113, 114, 115, 118, 119, 126, 128, 131, 133, 135, 138, 139, 140, 143, 144, 160, 163, 164, 165, 167])
(457, [3, 4, 6])
(458, [1, 3, 5, 40, 43, 44, 45, 48, 49, 54, 56, 75, 78, 79, 80, 82, 85, 87, 90, 92])
(459, [1, 3, 5, 6, 9, 10, 31, 33, 40, 43, 44, 45, 48, 49, 50, 53, 54, 55, 58, 59, 61, 62])
(460, [1, 3, 5, 13, 15, 16, 19, 20, 23, 24, 25, 27, 29, 30, 33, 34, 35, 38, 40, 61, 63, 64, 66, 70, 73, 74, 75, 78, 79, 80, 83, 84, 85, 88, 95, 98, 99, 106, 108, 111, 113, 115, 118, 119, 131, 133, 140, 143, 144, 146, 147])
(461, [1, 3, 5, 12, 14, 15, 18, 19, 20, 23, 24, 25, 28, 29, 30, 32, 45, 48, 49, 50, 53, 54, 57, 59, 60, 63, 64, 66, 68, 69, 70, 73, 74, 75, 77])
(462, [1, 3, 5, 15, 18, 19, 20, 23, 24, 25, 27])
(463, [1, 3, 5, 13, 15, 16, 17, 19, 21, 23, 25, 27, 30, 33, 34, 35, 38, 39, 40, 43, 44, 45, 48, 49, 50, 52, 54, 55, 58, 59, 60, 63, 71, 73, 74, 76, 77])
(464, [1, 3, 5, 9, 11, 12, 14, 15, 18, 19, 45, 48, 49, 50, 51, 53, 55, 58, 60, 62, 64, 65, 67])
(465, [1, 3, 5, 15, 18, 19, 20, 22])
(466, [3, 4, 6])
(467, [1, 3, 5, 6, 9, 10, 16, 18, 19, 20, 23, 24, 25, 27, 30, 33, 34, 35, 38, 39, 40, 43, 44, 45, 48, 50, 53, 54, 55, 57])
(468, [1, 3, 5, 35, 38, 39, 41, 61, 64, 65, 67])
(469, [1, 3, 5, 7, 9, 10, 15, 17, 20, 23, 24, 25, 28, 29, 30, 33, 35, 38, 39, 40, 43, 44, 45, 48, 49, 50, 52])
(470, [1, 3, 5, 15, 18, 19, 20, 23, 24, 25, 28, 29, 30, 33, 34, 35, 37, 45, 48, 49, 50, 53, 54, 55, 56, 59, 60, 63, 65, 68, 69, 70, 73, 74, 75, 78, 79, 84, 86, 87])
(471, [1, 3, 5, 19, 21, 35, 38, 39, 40, 43, 44, 45, 48, 49, 51, 53, 54, 56, 70, 73, 74, 75, 78, 79, 80, 83, 84, 85, 87])
(472, [1, 3, 5, 9, 11, 12, 14, 16, 17])
(473, [1, 3, 5, 7, 9, 10, 15, 18, 19, 20, 23, 24, 29, 30, 33, 36, 37])
(474, [1, 3, 5, 9, 11, 12, 14, 15, 18, 19, 21, 23, 24, 25, 28, 29, 30, 33, 34, 35, 38, 39, 45, 48, 49, 50, 52, 54, 55, 57, 59, 60, 63, 65, 67])
(475, [3, 4, 6])
(476, [1, 3, 5, 13, 15, 16, 17, 19, 21, 23, 26, 28, 29, 30, 32])
(477, [1, 3, 5, 13, 15, 16, 19, 20, 23, 24, 31, 33, 34, 35, 38, 39, 40, 43, 44, 45, 48, 49, 50, 53, 54, 55, 58, 60, 65, 68, 69, 70, 73, 74, 75, 78, 79, 80, 82])
(478, [1, 3, 5, 19, 21, 29, 31, 33, 35, 58, 60, 65, 68, 69, 70, 73, 74, 75, 77, 81, 83, 87, 89, 90, 92])
(479, [1, 3, 5, 14, 16, 20, 23, 24, 26, 28, 29, 30, 33, 34, 35, 38, 39, 41, 43, 44, 46, 47])
(480, [1, 3, 5, 13, 15, 16, 17, 19, 25, 28, 29, 30, 33, 34, 35, 38, 39, 40, 43, 44, 45, 48, 49, 50, 53, 54, 55, 58, 59, 65, 68, 69, 70, 73, 74, 75, 77])
(481, [1, 3, 5, 29, 31, 35, 38, 39, 40, 43, 44, 45, 48, 49, 50, 53, 54, 55, 58, 59, 70, 73, 75, 78, 79, 85, 87, 90, 92, 94, 96, 97])
(482, [1, 3, 5, 13, 16, 17])
(483, [1, 3, 5, 15, 18, 19, 20, 23, 24, 25, 28, 29, 30, 33, 34, 35, 38, 39, 40, 43, 44, 45, 48, 49, 50, 53, 54, 55, 58, 59, 60, 63, 64, 65, 67])
(484, [3, 4, 6])
(485, [1, 3, 5, 29, 31, 32, 34, 38, 40, 43, 45, 48, 49, 50, 53, 54, 55, 58, 62, 64, 65, 67])
(486, [1, 3, 5, 13, 15, 18, 19, 20, 22])
(487, [1, 3, 5, 7, 9, 10, 16, 18, 19, 21, 24, 25, 28, 29, 30, 33, 34, 35, 37])
(488, [1, 3, 5, 29, 31, 35, 38, 39, 40, 43, 44, 45, 48, 49, 50, 53, 54, 59, 61, 64, 66, 75, 78, 79, 80, 83, 84, 85, 88, 90, 93, 94, 96, 98, 99, 101, 102, 103, 105, 108, 110, 113, 114, 115, 116, 118, 120, 122, 124, 126, 127])
(489, [1, 3, 5, 15, 18, 19, 40, 43, 44, 45, 48, 49, 50, 53, 54, 55, 58, 59, 66, 68, 70, 73, 74, 75, 78, 79, 80, 83, 84, 85, 87])
(490, [1, 3, 5, 6, 9, 10, 15, 18, 19, 25, 28, 29, 30, 33, 34, 35, 38, 39, 40, 43, 44, 65, 68, 69, 70, 73, 74, 75, 78, 79, 80, 83, 84, 85, 88, 89, 90, 93, 94, 95, 98, 100, 103, 104, 105, 107])
(491, [1, 3, 5, 6, 9, 10, 33, 35, 58, 60, 61, 62])
(492, [1, 3, 5, 9, 11, 19, 21, 22])
(493, [3, 4, 6])
(494, [1, 3, 5, 6, 9, 10, 15, 18, 19, 20, 23, 24, 25, 28, 29, 30, 33, 34, 35, 38, 39, 40, 43, 44, 45, 48, 49, 50, 53, 54, 55, 58, 59, 60, 63, 64, 70, 72])
(495, [1, 3, 5, 12, 14, 15, 18, 19, 20, 23, 24, 25, 28, 29, 30, 33, 34, 41, 44, 45, 47])
(496, [1, 3, 5, 9, 11, 12, 14, 15, 18, 19, 21, 22])
(497, [1, 3, 5, 19, 21, 36, 38, 39, 40, 43, 44, 45, 48, 49, 50, 53, 54, 81, 83, 85, 88, 90, 91, 93, 100, 103, 106, 108, 109, 110, 112, 114, 115, 117])
(498, [1, 3, 5, 13, 15, 18, 19, 40, 43, 44, 45, 48, 49, 50, 53, 54, 55, 58, 59, 64, 66, 67])
(499, [1, 3, 5, 6, 9, 10, 15, 18, 19, 20, 23, 24, 25, 28, 29, 30, 32, 34, 35, 38, 39, 40, 43, 44, 45, 48, 49, 50, 53, 54, 55, 57])
(500, [1, 3, 5, 14, 16, 34, 36, 40, 43, 44, 70, 73, 74, 75, 78, 79, 80, 83, 84, 85, 88, 89, 90, 93, 94, 100, 101, 103, 106, 108, 111, 113, 115, 116, 119, 120, 122])
(501, [1, 3, 5, 7, 9, 10, 14, 16, 29, 31, 35, 38, 39, 40, 43, 44, 45, 48, 49, 50, 52])
(502, [3, 4, 6])
(503, [1, 3, 5, 15, 18, 19, 20, 22, 24, 25, 29, 30, 33, 34, 44, 46, 55, 58, 59, 60, 63, 64, 66, 68, 69, 70, 73, 74, 75, 78, 79, 80, 83, 84, 105, 108, 109, 110, 113, 115, 117])
(504, [1, 3, 5, 34, 36, 37, 39, 40, 43, 44, 46, 48, 49, 50, 53, 54, 55, 58, 59, 60, 62, 75, 78, 79, 82, 84, 85, 87])
(505, [1, 3, 5, 15, 18, 19, 20, 23, 24, 25, 28, 29, 30, 32])
(506, [1, 3, 5, 7, 9, 10, 16, 18, 19, 20, 23, 24, 25, 28, 29, 30, 33, 34, 35, 38, 39, 40, 43, 44, 45, 48, 49, 50, 52])
(507, [1, 3, 5, 14, 16, 29, 31, 35, 38, 39, 41, 54, 56, 60, 63, 64, 66, 67])
(508, [1, 3, 5, 6, 9, 10, 15, 18, 19, 40, 43, 44, 45, 48, 49, 50, 53, 54, 55, 58, 59, 61, 62])
(509, [1, 3, 5, 6, 9, 10, 15, 18, 19, 20, 23, 24, 25, 28, 29, 35, 38, 39, 40, 43, 44, 45, 48, 49, 50, 53, 54, 55, 58, 60, 62])
(510, [1, 3, 5, 40, 43, 44, 46, 48, 49, 50, 53, 54, 55, 58, 59, 60, 63, 64, 66, 83, 85, 90, 93, 94, 95, 97])
(511, [3, 4, 6])
(512, [1, 3, 5, 7, 9, 10, 30, 33, 34, 35, 38, 39, 40, 43, 44, 45, 48, 49, 51, 52])
(513, [1, 3, 5, 15, 18, 19, 20, 23, 24, 25, 28, 29, 30, 33, 34, 35, 37, 55, 56, 59, 60, 63, 64, 65, 68, 69, 70, 73, 74, 75, 78, 79, 80, 83, 84, 95, 97])
(514, [1, 3, 5, 6, 9, 10, 19, 21, 35, 38, 39, 49, 51, 60, 63, 64, 65, 67, 69, 70, 72])
(515, [1, 3, 5, 7, 9, 10, 11, 12, 14, 20, 23, 24, 25, 28, 29, 30, 33, 34, 35, 37])
(516, [1, 3, 5, 13, 15, 16, 18, 19, 20, 23, 24, 25, 28, 29, 30, 33, 34, 35, 38, 39, 40, 43, 44, 45, 48, 50, 73, 75, 76, 79, 80, 83, 84, 85, 88, 89, 90, 93, 94, 95, 98, 99, 106, 108, 110, 112])
(517, [1, 3, 5, 6, 9, 10, 14, 16, 17, 19, 21, 24, 26, 27, 29, 33, 35, 40, 43, 44, 45, 48, 49, 50, 53, 54, 55, 58, 59, 60, 63, 64, 85, 88, 89, 90, 92, 94, 95, 98, 100, 102, 104, 105, 107])
(518, [1, 3, 5, 7, 9, 10, 16, 18, 19, 20, 23, 24, 25, 28, 29, 30, 33, 34, 36, 37])
(519, [1, 3, 5, 7, 9, 10, 15, 18, 19, 21, 23, 24, 25, 28, 29, 30, 33, 34, 35, 38, 39, 40, 43, 44, 50, 52])
(520, [3, 4, 6])
(521, [1, 3, 5, 7, 9, 10, 24, 26, 35, 38, 39, 40, 43, 44, 45, 48, 49, 50, 52])
(522, [1, 3, 5, 7, 9, 10, 29, 31, 35, 38, 39, 40, 43, 44, 45, 48, 49, 50, 52])
(523, [1, 3, 5, 13, 15, 16, 17, 19, 20, 23, 24, 25, 28, 29, 30, 33, 34, 35, 38, 40, 44, 45, 48, 49, 50, 53, 54, 60, 63, 64, 65, 68, 69, 70, 73, 74, 75, 78, 79, 82])
(524, [1, 3, 5, 19, 21, 35, 38, 39, 41, 43, 44, 45, 48, 49, 50, 53, 54, 55, 58, 59, 64, 66, 80, 83, 84, 85, 88, 89, 90, 93, 94, 96, 97, 98, 100, 101, 102])
(525, [1, 3, 5, 7, 9, 10, 15, 18, 19, 20, 23, 24, 25, 28, 29, 30, 33, 35, 37])
(526, [1, 3, 5, 6, 9, 10, 13, 15, 16, 19, 21, 23, 24, 26, 28, 29, 30, 33, 34, 36, 38, 39, 40, 43, 44, 45, 48, 50, 53, 54, 75, 78, 79, 80, 83, 84, 85, 88, 89, 90, 93, 94, 95, 98, 100, 103, 105, 107])
(527, [1, 3, 5, 6, 9, 10, 11, 12, 14, 16, 20, 23, 24, 30, 33, 34, 35, 38, 39, 40, 43, 45, 48, 50, 52, 54, 55, 57, 60, 62, 65, 68, 70, 73, 75, 78, 79, 80, 83, 84, 85, 87, 89, 90, 92, 95, 97, 99, 100, 103, 104, 105, 107])
(528, [1, 3, 5, 7, 9, 10, 15, 18, 19, 20, 23, 24, 25, 28, 29, 30, 33, 34, 35, 38, 39, 40, 43, 44, 46, 48, 49, 51, 52])
(529, [3, 4, 6])
(530, [1, 3, 5, 13, 15, 16, 17, 19, 21, 23, 24, 25, 28, 29, 31, 33, 35, 36, 38, 40, 42, 45, 47, 50, 53, 54, 55, 58, 59, 60, 63, 64, 65, 68, 69, 70, 73, 74, 75, 78, 79, 80, 83, 84, 85, 88, 89, 90, 93, 94, 95, 98, 99, 100, 103, 104, 105, 108, 109, 110, 113, 114, 115, 118, 119, 120, 123, 125, 127])
(531, [1, 3, 5, 9, 11, 12, 14, 15, 17, 20, 23, 24, 25, 28, 29, 30, 33, 34, 35, 38, 40, 41, 44, 45, 47])
(532, [1, 3, 5, 9, 11, 12, 14, 19, 21, 22])
(533, [1, 3, 5, 15, 17, 20, 22])
(534, [1, 3, 5, 7, 9, 12, 14, 15, 17, 20, 23, 24, 25, 28, 29, 31, 34, 35, 37])
(535, [1, 3, 5, 13, 15, 16, 17, 19, 20, 23, 24, 35, 38, 39, 40, 42])
(536, [1, 3, 5, 16, 18, 19, 23, 25, 26, 29, 30, 33, 34, 35, 38, 39, 40, 43, 44, 45, 48, 49, 50, 53, 54, 55, 58, 59, 60, 63, 64, 65, 67])
(537, [1, 3, 5, 14, 16, 19, 21, 35, 38, 39, 40, 43, 44, 45, 48, 49, 50, 53, 54, 55, 58, 59, 70, 72, 74, 75, 77])
(538, [3, 4, 6])
(539, [1, 3, 5, 15, 18, 19, 20, 23, 24, 25, 27])
(540, [1, 3, 5, 16, 18, 19, 21, 23, 24, 26, 28, 29, 30, 33, 34, 35, 37, 39, 40, 43, 44, 45, 47])
(541, [1, 3, 5, 6, 9, 12, 14, 25, 28, 29, 35, 38, 39, 40, 42, 45, 46, 49, 50, 51, 53, 56, 57])
(542, [1, 3, 5, 9, 11, 12, 14, 15, 18, 19, 20, 23, 24, 29, 31, 32])
(543, [1, 3, 5, 6, 9, 10, 16, 18, 19, 20, 23, 24, 25, 28, 29, 30, 33, 34, 35, 38, 39, 40, 42, 44, 45, 48, 49, 50, 53, 54, 55, 57])
(544, [1, 3, 5, 6, 9, 10, 26, 28, 29, 30, 33, 34, 35, 38, 39, 40, 42, 45, 48, 49, 50, 52, 55, 58, 60, 63, 65, 68, 69, 70, 72])
(545, [1, 3, 5, 15, 17])
(546, [1, 3, 5, 6, 9, 10, 13, 15, 18, 19, 20, 23, 24, 25, 28, 30, 31, 33, 35, 38, 39, 40, 43, 44, 45, 48, 49, 50, 53, 54, 55, 57])
(547, [3, 4, 6])
(548, [1, 3, 5, 6, 9, 11, 12, 14, 15, 18, 19, 21, 23, 24, 25, 28, 29, 30, 33, 34, 35, 38, 39, 50, 53, 54, 55, 56, 59, 60, 62])
(549, [1, 3, 5, 7, 9, 11, 12, 14, 21, 23, 25, 28, 29, 30, 33, 34, 35, 37])
(550, [1, 3, 5, 15, 18, 19, 20, 23, 24, 25, 28, 29, 30, 32, 35, 38, 39, 40, 42])
(551, [1, 3, 5, 6, 9, 10, 12, 14, 15, 18, 19, 20, 23, 24, 25, 28, 29, 30, 32, 34, 35, 38, 39, 40, 43, 44, 45, 47, 49, 50, 51, 54, 55, 57])
(552, [1, 3, 5, 16, 18, 19, 21, 23, 24, 25, 28, 29, 30, 33, 34, 35, 38, 39, 40, 43, 44, 45, 48, 49, 55, 58, 59, 60, 63, 64, 65, 68, 69, 70, 73, 74, 75, 78, 79, 88, 90, 92])
(553, [1, 3, 5, 34, 36, 37, 39, 40, 43, 44, 54, 56, 65, 68, 69, 70, 73, 75, 78, 79, 80, 83, 84, 85, 87, 88, 90, 91, 93, 95, 98, 101, 104, 105, 106, 109, 110, 112])
(554, [1, 3, 5, 11, 12, 14, 21, 23, 29, 31, 32])
(555, [1, 3, 5, 7, 9, 10, 15, 18, 19, 20, 23, 24, 25, 27, 34, 35, 38, 39, 40, 43, 50, 52])
(556, [3, 4, 6])
(557, [1, 3, 5, 6, 9, 12, 15, 24, 26, 40, 43, 50, 53, 55, 58, 61, 64, 65, 67, 69, 70, 72])
(558, [1, 3, 5, 19, 21, 25, 28, 29, 30, 33, 34, 35, 38, 39, 40, 42])
(559, [1, 3, 5, 6, 9, 10, 15, 18, 19, 20, 23, 24, 25, 27, 41, 43, 45, 48, 49, 50, 53, 54, 55, 58, 59, 60, 63, 64, 65, 68, 69, 70, 73, 74, 81, 83, 86, 88, 90, 93, 94, 105, 107])
(560, [1, 3, 5, 24, 26, 31, 32, 34, 35, 38, 39, 41, 42, 44, 60, 63, 64, 65, 68, 69, 70, 73, 74, 75, 78, 79, 80, 82, 84, 85, 87, 89, 90, 92])
(561, [1, 3, 5, 9, 11, 12, 14, 19, 21, 22])
(562, [1, 3, 5, 14, 16, 20, 23, 24, 25, 28, 29, 30, 32, 34, 35, 38, 39, 40, 43, 44, 45, 47])
(563, [1, 3, 5, 23, 25, 34, 36, 37, 39, 54, 56, 60, 63, 65, 66, 69, 70, 72, 74, 75, 77])
(564, [1, 3, 5, 11, 12, 14, 20, 23, 24, 25, 27])
(565, [3, 4, 6])
(566, [2, 3, 4, 6, 9, 11, 12, 14, 15, 18, 19, 20, 23, 24, 25, 28, 29, 30, 33, 34, 40, 43, 44, 45, 48, 54, 56, 57])
(567, [1, 3, 4, 6, 40, 43, 44, 45, 48, 49, 50, 53, 54, 55, 58, 59, 61, 62, 64, 66, 67, 69, 71, 73, 75, 80, 83, 84, 85, 88, 89, 90, 93, 94, 95, 98, 99, 100, 103, 104, 105, 107, 109, 110, 111, 114, 115, 118, 119, 120, 123, 124, 125, 127])
(568, [1, 3, 4, 6, 7, 9, 11, 12, 14, 20, 23, 24, 25, 28, 29, 30, 33, 35, 36, 39, 49, 51, 52])
(569, [1, 3, 4, 6, 21, 23, 24, 25, 28, 29, 45, 48, 49, 50, 53, 54, 55, 58, 59, 60, 63, 64, 65, 68, 71, 73, 75, 78, 85, 87])
(570, [1, 3, 19, 21, 22, 24, 26, 27, 29, 35, 38, 39, 40, 43, 44, 45, 48, 49, 50, 53, 54, 55, 58, 59, 84, 85, 88, 89, 90, 93, 94, 95, 98, 100, 101, 104, 105, 108, 110, 112])
(571, [1, 3, 15, 18, 19, 20, 23, 24, 25, 27])
(572, [1, 3, 13, 15, 17, 19, 20, 23, 24, 25, 28, 29, 30, 33, 34, 35, 37, 39, 40, 43, 44, 45, 47])
(573, [1, 3, 4, 6, 9, 10, 11, 12, 14, 16, 17, 19, 21, 22, 24, 30, 33, 34, 36, 38, 39, 40, 43, 44, 45, 48, 49, 52, 54, 55, 57])
(574, [3, 4, 6])
(575, [1, 3, 4, 6, 13, 15, 25, 28, 29, 30, 32])
(576, [1, 2, 3, 4, 6, 13, 15, 16, 19, 20, 23, 24, 25, 28, 29, 30, 33, 34, 35, 38, 39, 40, 43, 44, 45, 48, 49, 55, 58, 65, 67])
(577, [1, 3, 6, 9, 11, 12, 14, 16, 17, 19, 20, 23, 24, 35, 38, 39, 40, 43, 44, 45, 47, 49, 50, 53, 54, 55, 57, 59, 60, 62])
(578, [1, 3, 4, 6, 20, 23, 24, 25, 28, 29, 31, 32])
(579, [1, 3, 4, 6, 13, 15, 16, 18, 20, 22, 25, 28, 29, 30, 33, 34, 35, 38, 40, 44, 45, 48, 49, 50, 53, 54, 55, 58, 60, 65, 68, 69, 70, 73, 74, 75, 78, 79, 80, 83, 84, 85, 88, 89, 90, 93, 94, 115, 118, 119, 125, 128, 131, 133, 135, 137])
(580, [1, 3, 14, 16, 17, 19, 21, 22, 24, 26, 27, 29, 35, 38, 39, 40, 43, 44, 45, 48, 49, 50, 53, 54, 55, 58, 59, 64, 66, 67, 69, 71, 72, 74, 76, 77, 79, 85, 88, 89, 90, 92, 94, 95, 97, 99, 100, 102])
(581, [1, 3, 9, 11, 12, 14, 18, 20, 21, 24, 25, 28, 29, 30, 32])
(582, [1, 3, 6, 9, 10, 15, 18, 19, 20, 23, 24, 25, 28, 29, 30, 33, 34, 35, 38, 39, 40, 43, 55, 58, 59, 61, 62])
(583, [3, 4, 6])
(584, [1, 3, 35, 38, 39, 55, 58, 59, 60, 63, 64, 70, 72, 74, 75, 77])
(585, [1, 3, 7, 9, 12, 14, 15, 18, 19, 20, 23, 24, 26, 28, 30, 33, 34, 35, 37])
(586, [1, 3, 15, 18, 19, 20, 23, 24, 25, 28, 29, 30, 33, 34, 35, 38, 39, 40, 43, 44, 50, 53, 54, 56, 58, 59, 60, 63, 64, 65, 68, 70, 71, 73, 74, 75, 77])
(587, [1, 3, 6, 9, 13, 15, 17, 19, 21, 22, 24, 26, 27, 29, 33, 35, 39, 41, 45, 48, 49, 50, 53, 54, 56, 58, 59, 60, 63, 64, 70, 73, 74, 76, 77, 79, 84, 86, 87, 89, 100, 102, 104, 105, 107])
(588, [1, 3, 4, 6, 13, 15, 16, 17, 19, 20, 23, 24, 25, 28, 29, 30, 33, 34, 35, 38, 40, 41, 44, 46, 47])
(589, [1, 2, 3, 4, 6, 16, 18, 20, 22, 25, 28, 29, 30, 33, 34, 35, 38, 39, 40, 43, 44, 45, 48, 49, 50, 53, 54, 55, 58, 59, 60, 63, 64, 65, 67])
(590, [1, 3, 35, 38, 39, 49, 51, 52, 54, 58, 60, 61, 64, 65, 68, 69, 70, 73, 74, 75, 78, 79, 82, 83, 85, 87, 89, 90, 92])
(591, [1, 3, 7, 9, 10, 30, 33, 34, 35, 38, 39, 40, 43, 44, 46, 48, 49, 51, 52])
(592, [3, 4, 6])
(593, [1, 2, 3, 4, 6, 14, 16, 17, 19, 20, 23, 24, 25, 28, 29, 30, 33, 34, 35, 38, 39, 40, 43, 44, 45, 48, 49, 50, 53, 54, 55, 58, 59, 60, 63, 64, 65, 67])
(594, [1, 3, 4, 6, 16, 17, 19, 25, 28, 29, 30, 33, 34, 35, 37, 45, 48, 49, 50, 53, 54, 55, 58, 59, 60, 63, 65, 70, 72, 75, 76, 79, 80, 81, 83, 85, 88, 89, 90, 92])
(595, [1, 3, 4, 6, 9, 11, 12, 14, 15, 18, 19, 20, 22])
(596, [1, 3, 13, 15, 16, 19, 20, 23, 24, 25, 28, 29, 30, 33, 34, 35, 38, 39, 41, 42])
(597, [1, 3, 14, 16, 17, 19, 30, 33, 34, 60, 63, 64, 65, 67, 70, 71, 74, 75, 76, 78, 81, 84, 85, 87])
(598, [1, 3, 15, 18, 19, 20, 23, 24, 25, 27])
(599, [1, 3, 13, 15, 16, 17, 19, 21, 23, 24, 26, 28, 29, 35, 38, 39, 40, 42])
(600, [1, 3, 6, 9, 10, 14, 16, 24, 26, 27, 29, 31, 32, 34, 35, 38, 39, 40, 43, 44, 45, 47, 55, 58, 60, 62])
(601, [3, 4, 6])
(602, [1, 3, 4, 6, 15, 18, 19, 20, 23, 24, 25, 28, 29, 30, 33, 34, 35, 37, 40, 43, 44, 45, 48, 49, 50, 53, 54, 55, 58, 61, 63, 65, 68, 69, 70, 73, 75, 78, 79, 80, 82])
(603, [1, 3, 4, 6, 7, 9, 11, 12, 14, 20, 22, 23, 25, 28, 30, 33, 34, 36, 37, 38, 40, 41, 43, 45, 48, 49, 50, 52])
(604, [1, 3, 20, 23, 24, 31, 33, 35, 38, 39, 40, 42])
(605, [1, 3, 16, 18, 19, 20, 23, 24, 25, 28, 29, 33, 35, 36, 38, 45, 47])
(606, [1, 3, 6, 9, 12, 14, 15, 18, 19, 21, 22, 24, 29, 31, 35, 38, 39, 40, 43, 44, 45, 48, 49, 50, 53, 54, 55, 56, 59, 60, 62])
(607, [1, 3, 4, 6, 7, 9, 10, 14, 16, 20, 23, 24, 25, 28, 29, 31, 33, 34, 36, 37])
(608, [1, 3, 4, 6, 9, 10, 13, 15, 16, 19, 20, 23, 24, 30, 33, 34, 35, 38, 39, 40, 43, 45, 50, 53, 54, 55, 58, 59, 70, 73, 74, 75, 78, 79, 80, 83, 84, 85, 88, 89, 90, 93, 94, 95, 98, 99, 100, 103, 105, 107])
(609, [1, 3, 30, 33, 34, 35, 38, 39, 41, 43, 44, 45, 48, 49, 65, 67, 69, 70, 71, 74, 75, 77, 79, 80, 82, 84, 85, 87])
(610, [3, 4, 6])
(611, [1, 3, 7, 9, 10, 15, 17, 20, 23, 25, 26, 29, 34, 36, 37])
(612, [1, 3, 16, 18, 19, 20, 23, 24, 25, 28, 29, 30, 33, 34, 35, 38, 39, 40, 43, 44, 45, 48, 49, 50, 53, 54, 55, 58, 59, 60, 63, 64, 65, 68, 69, 70, 73, 74, 75, 78, 79, 80, 83, 84, 85, 88, 90, 92])
(613, [1, 2, 4, 9, 11, 13, 15, 18, 19, 20, 22, 24, 26, 35, 38, 40, 43, 44, 46, 55, 58, 59, 61, 64, 65, 67])
(614, [1, 3, 9, 11, 12, 14, 15, 17])
(615, [1, 3, 13, 15, 16, 17, 19, 20, 23, 24, 25, 28, 29, 30, 33, 34, 35, 38, 39, 40, 43, 44, 46, 47])
(616, [1, 3, 4, 6, 9, 10, 11, 12, 14, 20, 23, 24, 25, 28, 29, 30, 33, 34, 35, 38, 39, 45, 48, 50, 52, 54, 55, 57])
(617, [1, 3, 4, 6, 13, 15, 16, 17, 19, 20, 23, 24, 26, 28, 29, 30, 32])
(618, [1, 3, 6, 9, 10, 16, 18, 19, 20, 23, 24, 25, 28, 29, 30, 33, 34, 35, 38, 39, 40, 43, 44, 45, 47, 49, 50, 53, 54, 61, 63, 66, 68, 69, 71, 72])
(619, [3, 4, 6])
(620, [1, 3, 4, 6, 35, 38, 40, 43, 44, 46, 47, 49, 65, 68, 69, 70, 73, 74, 75, 78, 79, 80, 83, 85, 88, 90, 92, 94, 95, 98, 99, 100, 102])
(621, [1, 3, 4, 6, 13, 15, 18, 20, 21, 22])
(622, [1, 3, 4, 6, 9, 10, 13, 15, 18, 19, 20, 23, 24, 25, 28, 29, 30, 33, 34, 35, 37, 39, 40, 43, 44, 45, 48, 55, 58, 59, 60, 62])
(623, [1, 3, 28, 30, 60, 63, 64, 65, 68, 69, 70, 73, 74, 75, 77, 78, 80, 82, 84, 85, 87])
(624, [1, 3, 4, 6, 9, 11, 12, 15, 17])
(625, [1, 3, 16, 18, 19, 20, 23, 24, 25, 28, 29, 30, 33, 34, 35, 38, 39, 40, 43, 44, 45, 48, 49, 50, 53, 54, 55, 58, 59, 60, 63, 64, 66, 68, 69, 70, 73, 74, 75, 78, 79, 80, 83, 100, 102])
(626, [1, 3, 13, 15, 33, 35, 40, 43, 45, 57, 59, 63, 65, 70, 73, 74, 75, 78, 79, 80, 83, 84, 85, 88, 89, 90, 93, 94, 96, 99, 100, 102])
(627, [1, 3, 7, 9, 10, 11, 12, 14, 21, 23, 25, 28, 29, 30, 33, 34, 35, 38, 39, 40, 43, 44, 45, 48, 49, 50, 52])
(628, [3, 4, 6])
(629, [1, 3, 13, 15, 16, 19, 20, 23, 24, 25, 28, 29, 30, 33, 34, 35, 38, 39, 45, 48, 49, 50, 53, 54, 65, 68, 69, 70, 73, 74, 75, 78, 79, 80, 83, 84, 85, 88, 89, 91, 93, 95, 98, 100, 101, 104, 110, 113, 114, 115, 118, 119, 120, 123, 124, 125, 128, 130, 132])
(630, [1, 3, 11, 12, 14, 20, 23, 24, 25, 28, 29, 30, 33, 34, 39, 40, 43, 44, 45, 48, 49, 50, 53, 55, 58, 59, 60, 62, 65, 67, 70, 73, 74, 75, 77, 80, 83, 84, 85, 87])
(631, [1, 3, 15, 18, 19, 20, 23, 24, 25, 27])
(632, [1, 3, 4, 6, 13, 15, 16, 17, 19, 20, 23, 24, 25, 28, 29, 30, 33, 34, 35, 38, 39, 40, 43, 44, 46, 50, 53, 54, 55, 58, 59, 61, 63, 65, 67])
(633, [1, 3, 4, 6, 9, 11, 13, 15, 16, 18, 20, 21, 23, 24, 26, 28, 29, 33, 35, 40, 43, 44, 45, 48, 49, 50, 53, 54, 55, 58, 59, 60, 63, 64, 66, 67, 69, 77, 79, 85, 88, 89, 90, 93, 94, 95, 98, 99, 100, 103, 105, 107, 108, 110, 113, 115, 118, 119, 120, 123, 124, 126, 128, 136, 137])
(634, [1, 3, 15, 17])
(635, [1, 2, 4, 16, 18, 19, 20, 23, 24, 25, 28, 29, 30, 33, 34, 35, 38, 39, 40, 43, 44, 45, 48, 50, 55, 58, 59, 60, 63, 64, 66, 67])
(636, [1, 3, 4, 6, 9, 11, 13, 15, 18, 20, 21, 23, 24, 25, 28, 29, 31, 33, 34, 35, 37, 40, 42])
(637, [3, 4, 6])
(638, [1, 3, 13, 15, 18, 19, 21, 22])
(639, [1, 3, 4, 6, 9, 10, 15, 18, 19, 20, 23, 24, 25, 28, 29, 30, 33, 34, 35, 38, 40, 44, 45, 48, 49, 50, 53, 54, 60, 62, 65, 68, 69, 70, 72])
(640, [1, 3, 6, 9, 10, 12, 14, 15, 18, 19, 20, 23, 24, 25, 28, 29, 30, 32, 35, 38, 39, 40, 43, 45, 47, 49, 51, 53, 55, 57])
(641, [1, 3, 7, 9, 10, 13, 15, 18, 19, 20, 23, 24, 30, 33, 34, 35, 37])
(642, [1, 3, 6, 9, 10, 15, 18, 19, 20, 23, 24, 25, 28, 29, 30, 33, 34, 35, 38, 39, 40, 43, 44, 45, 47, 49, 50, 52, 55, 58, 59, 60, 62])
(643, [1, 3, 17, 19, 35, 38, 39, 40, 43, 44, 45, 48, 49, 50, 53, 54, 55, 58, 59, 61, 63, 64, 66, 67, 68, 70, 71, 74, 75, 77, 79, 81, 82])
(644, [1, 3, 13, 15, 18, 19, 20, 23, 25, 27])
(645, [1, 3, 15, 18, 19, 20, 23, 24, 25, 28, 29, 31, 33, 34, 35, 38, 39, 40, 43, 44, 45, 48, 49, 50, 53, 54, 55, 58, 59, 60, 63, 64, 65, 68, 69, 70, 73, 75, 78, 79, 80, 82])
(646, [3, 4, 6])
(647, [1, 3, 22, 24, 28, 30, 40, 43, 44, 45, 48, 49, 50, 53, 54, 55, 58, 59, 85, 88, 89, 90, 92, 94, 95, 97])
(648, [1, 3, 13, 15, 17, 20, 23, 25, 27])
(649, [1, 3, 15, 18, 19, 20, 23, 24, 25, 28, 29, 30, 33, 34, 35, 38, 39, 40, 43, 44, 45, 48, 49, 50, 53, 54, 55, 58, 59, 60, 62, 65, 68, 69, 70, 73, 78, 80, 82])
(650, [1, 3, 11, 13, 40, 43, 44, 45, 48, 49, 60, 62, 66, 68, 71, 73, 75, 76, 79, 80, 83, 85, 87, 89, 90, 92])
(651, [1, 3, 13, 15, 17, 20, 23, 25, 26, 28, 30, 32])
(652, [1, 3, 20, 23, 24, 25, 28, 29, 30, 33, 34, 35, 38, 39, 40, 43, 44, 45, 47, 55, 58, 59, 60, 61, 64, 65, 68, 69, 70, 73, 74, 75, 78, 79, 80, 82])
(653, [1, 3, 20, 23, 24, 25, 28, 29, 34, 36, 44, 46, 47, 49, 50, 53, 54, 55, 58, 60, 62, 63, 65, 67, 70, 72, 75, 78, 80, 83, 84, 85, 87])
(654, [1, 3, 7, 9, 10, 13, 15, 18, 19, 30, 33, 34, 35, 38, 39, 40, 43, 44, 45, 48, 50, 52])
(655, [3, 4, 6])
(656, [1, 3, 15, 17, 19, 20, 22, 25, 28, 29, 30, 32])
(657, [1, 3, 6, 9, 11, 12, 14, 25, 28, 29, 50, 53, 54, 60, 62])
(658, [1, 3, 13, 15, 18, 20, 22])
(659, [1, 3, 21, 23, 24, 25, 28, 29, 30, 33, 34, 35, 38, 39, 45, 47])
(660, [1, 3, 6, 9, 10, 12, 14, 15, 18, 19, 20, 23, 24, 25, 27, 30, 33, 35, 38, 39, 40, 43, 44, 45, 48, 49, 50, 52, 54, 55, 57])
(661, [1, 3, 4, 6, 15, 17])
(662, [1, 3, 6, 9, 10, 16, 18, 19, 20, 23, 24, 25, 28, 29, 30, 33, 34, 35, 38, 39, 40, 43, 45, 46, 48, 50, 52, 55, 57])
(663, [1, 3, 4, 6, 9, 11, 12, 14, 15, 18, 19, 20, 23, 24, 25, 27, 30, 32, 33, 35, 38, 39, 40, 42, 44, 45, 47])
(664, [3, 4, 6])
(665, [1, 3, 4, 6, 9, 10, 13, 15, 20, 23, 24, 25, 28, 29, 30, 33, 34, 35, 38, 40, 41, 43, 60, 62])
(666, [1, 3, 4, 6, 15, 18, 19, 20, 23, 24, 26, 28, 29, 30, 33, 34, 35, 37, 55, 58, 59, 60, 63, 64, 65, 68, 69, 70, 73, 74, 75, 78, 79, 80, 83, 85, 90, 93, 110, 113, 114, 120, 123, 124, 125, 128, 131, 133, 136, 138, 140, 143, 144, 145, 148, 150, 152])
(667, [1, 2, 4, 11, 13, 20, 23, 24, 25, 28, 29, 30, 33, 34, 35, 38, 40, 43, 44, 45, 47, 50, 53, 54, 55, 58, 60, 63, 66, 67])
(668, [1, 3, 15, 18, 19, 28, 30, 32])
(669, [1, 3, 15, 18, 19, 20, 23, 24, 25, 28, 29, 30, 33, 34, 35, 38, 39, 40, 43, 44, 45, 48, 49, 50, 53, 54, 55, 58, 59, 66, 68, 70, 73, 75, 78, 79, 81, 83, 85, 87])
(670, [1, 3, 9, 11, 12, 14, 15, 18, 19, 21, 22, 23, 25, 28, 30, 33, 34, 35, 37, 39, 40, 42])
(671, [1, 3, 13, 15, 18, 20, 21, 23, 24, 26, 27])
(672, [1, 3, 6, 9, 10, 13, 15, 16, 19, 20, 23, 24, 25, 28, 29, 30, 33, 34, 35, 38, 39, 40, 43, 44, 45, 48, 49, 50, 53, 54, 55, 58, 60, 63, 64, 65, 68, 69, 70, 72])
(673, [3, 4, 6])
(674, [1, 3, 9, 11, 12, 14, 15, 18, 19, 20, 22, 24, 25, 27])
(675, [1, 3, 13, 15, 18, 23, 25, 27])
(676, [1, 3, 13, 15, 16, 17, 19, 20, 23, 24, 25, 28, 29, 30, 33, 34, 35, 38, 39, 45, 48, 49, 50, 53, 55, 58, 60, 63, 64, 65, 68, 69, 70, 73, 74, 75, 78, 79, 80, 83, 84, 85, 87])
(677, [1, 3, 7, 9, 12, 14, 16, 17, 19, 29, 31, 32, 34, 35, 37])
(678, [1, 3, 15, 18, 19, 20, 23, 24, 26, 28, 30, 33, 34, 35, 38, 39, 40, 43, 44, 45, 47])
(679, [1, 3, 4, 6, 9, 10, 15, 18, 19, 20, 23, 24, 25, 28, 29, 30, 33, 35, 39, 40, 42, 44, 45, 48, 49, 50, 52, 59, 61, 62])
(680, [1, 3, 6, 9, 10, 14, 16, 17, 19, 24, 26, 32, 34, 35, 38, 39, 40, 43, 44, 45, 48, 49, 50, 53, 54, 59, 61, 67, 69, 71, 72])
(681, [1, 3, 13, 15, 17])
(682, [1, 4, 5, 7, 9, 15, 18, 20, 22, 23, 26, 27, 28])
(683, [16, 3, 4, 7, 8, 9, 11, 12, 13])
(684, [1, 4, 5, 6, 8, 9, 11, 14, 17, 20, 21, 24, 27, 29, 30, 32, 34, 39, 41, 42, 44, 46, 48, 51, 53, 56, 59, 60, 61, 63, 64, 66, 67, 70, 72, 73, 75, 77, 78, 80, 81, 84, 86, 92, 95, 98, 103, 105, 106, 108, 109, 111, 112, 113, 115, 116, 118, 119, 121, 122, 128, 130, 131, 133, 136, 139, 140, 142])
(685, [3, 4, 6])
(686, [3, 4, 6])
(687, [3, 4, 6])
(688, [1, 4, 5, 6, 9, 11, 13, 15, 18, 20, 21, 23, 26, 27, 29, 31, 34, 37, 39, 42, 43, 47, 50, 51, 52])
(689, [3, 4, 6])
