(0, [5, 7, 10, 12, 15, 20, 23, 26, 29, 31, 36, 39, 44])
(1, [5, 7, 12, 15, 23, 28, 31, 36, 39, 44])
(2, [1, 3, 7, 10, 12, 15, 20, 23, 28, 31, 36])
(3, [5, 7, 12, 15, 20, 23, 26, 28])
(4, [1, 3, 7, 12, 15, 17, 20])
(5, [4, 6])
(6, [7, 12, 15, 20, 23, 28, 31, 36, 39, 44, 47, 52, 55, 60])
(7, [5, 7, 12, 15, 18, 20, 23, 28, 31, 34, 36, 39, 42, 44, 47, 50, 52, 55, 58, 60])
(8, [5, 7, 12, 15, 20, 23, 28, 31, 36, 39, 44])
(9, [7, 12, 15, 17, 20, 23, 28])
(10, [1, 3, 7, 9, 12, 15, 20, 23, 31, 34, 36, 39, 44, 47, 49, 52, 55, 58, 63, 66, 68, 71, 74, 76, 79, 82, 84, 87, 90, 92, 95, 98, 100, 103, 106, 108])
(11, [1, 3, 7, 10, 12, 15, 21, 23, 26, 28, 31, 34, 36])
(12, [5, 7, 12, 15, 20])
(13, [1, 3, 5, 7, 12, 15, 20, 23, 28, 31, 36, 39, 47, 50, 52, 55, 57, 60, 63, 68])
(14, [4, 6])
(15, [5, 7, 10, 12, 15, 20, 23, 28, 31, 36, 39, 44])
(16, [5, 7, 10, 12, 15, 20, 23, 31, 36, 39, 44])
(17, [5, 7, 12, 15, 20, 23, 31, 36, 39, 44, 47, 52, 55, 60])
(18, [1, 3, 7, 9, 12, 15, 20, 23, 28, 31, 39, 44, 47, 55, 60, 63, 71, 79, 82, 84])
(19, [1, 3, 5, 7, 10, 12, 15, 17, 20, 23, 28, 31, 36])
(20, [5, 7, 10, 12, 15, 20, 23, 28, 31, 36, 39, 44])
(21, [5, 7, 12, 15, 18, 20, 23, 28])
(22, [5, 7, 12, 15, 20])
(23, [4, 6])
(24, [1, 3, 7, 10, 12, 15, 17, 20, 23, 28, 31, 36])
(25, [5, 7, 12, 15, 20])
(26, [5, 7, 10, 12, 15, 20, 23, 28, 31, 36, 39, 44])
(27, [5, 7, 10, 12, 15, 20, 23, 28, 31, 36, 39, 44])
(28, [5, 7, 12, 15, 17, 20])
(29, [7, 12, 15, 20, 23, 25, 28])
(30, [1, 3, 7, 9, 12, 15, 20, 23, 28, 31, 36, 39, 44, 47, 49, 52, 55, 63, 68, 71, 76, 79, 84])
(31, [7, 12, 15, 18, 20, 23, 28])
(32, [4])
(33, [2, 7, 12, 15, 17, 20, 23, 25, 28])
(34, [3, 7, 10, 12, 15, 20, 23, 28, 31, 36, 39, 44])
(35, [1, 3, 7, 12, 15, 18, 20, 23, 28, 31, 36, 39, 44, 47, 52, 55, 60, 63, 68])
(36, [3, 7, 10, 12, 15, 20, 23, 26, 28, 31, 34, 36, 39, 44])
(37, [1, 3, 7, 10, 12, 15, 23, 28, 31, 36, 39, 47, 52, 55, 58, 60, 63, 71, 76, 79, 84, 87, 90, 92, 95, 98, 100])
(38, [1, 3, 7, 9, 12, 16, 20, 23, 26, 28, 31, 36, 40, 44, 47, 52, 55, 58, 60, 63, 68, 76])
(39, [3, 7, 10, 12, 15, 20, 23, 25, 28, 31, 36, 39, 44])
(40, [1, 3, 7, 10, 12, 15, 20, 23, 28, 31, 36, 39, 44, 47, 52, 55, 60, 63, 68, 71, 76, 79, 82, 84, 87, 91, 95, 100, 103, 108, 111, 116, 119, 124])
(41, [4, 6])
(42, [7, 12, 15, 19, 23, 25, 28, 31, 36, 39, 44, 47, 55, 58, 60])
(43, [3, 7, 10, 12, 15, 18, 20, 23, 25, 28, 31, 36, 39, 44])
(44, [3, 7, 10, 12, 15, 20, 23, 28, 31, 36, 39, 44])
(45, [7, 12, 15, 19, 21, 23, 27, 29, 31, 37, 39, 44, 47, 53, 55, 60])
(46, [7, 12, 15, 20, 23, 28])
(47, [3, 7, 12, 15, 20, 23, 28, 31, 36, 39, 44, 47, 52, 55, 60, 63, 68, 71, 76, 79, 87, 92])
(48, [1, 3, 7, 12, 15, 20, 23, 28, 31, 36])
(49, [1, 3, 7, 12, 15, 20, 23, 26, 31, 36, 39, 42, 44, 47, 52, 55, 60, 63, 71, 79, 85, 87, 90, 92, 95, 98, 100])
(50, [4, 6])
(51, [7, 12, 15, 18, 20, 23, 25, 28])
(52, [2, 7, 12, 15, 20])
(53, [3, 7, 12, 15, 17, 20])
(54, [7, 12, 15, 17, 20, 23, 27, 31, 36, 39, 44, 47, 52, 55, 58, 60])
(55, [3, 7, 12, 15, 20, 23, 28])
(56, [3, 7, 12, 15, 20, 23, 28, 31, 36, 39, 42, 44])
(57, [2, 4, 7, 12, 15, 18, 20, 23, 28])
(58, [3, 7, 12, 15, 18, 23, 26, 28, 31, 34, 36, 39, 42, 44])
(59, [4, 6])
(60, [7, 12, 15, 20, 23, 27, 31, 36, 39, 44, 47, 52, 55, 60])
(61, [7, 12, 15, 17, 20])
(62, [7, 12, 15, 20, 23, 28, 31, 36, 39, 44, 47, 52])
(63, [7, 12, 15, 20, 23, 26, 31, 36, 39, 44, 47, 52, 55, 60, 63, 68, 71, 76, 79, 84, 87, 90, 92])
(64, [7, 12, 15, 17, 20, 23, 26, 28, 31, 34, 36, 39, 42, 47, 52, 55, 58, 60])
(65, [1, 3, 7, 10, 12, 15, 17, 20, 23, 28, 31, 33, 36])
(66, [1, 3, 7, 9, 12, 15, 20, 23, 31, 36, 39, 44, 47, 52, 55, 58, 61, 63, 68, 71, 76])
(67, [1, 3, 7, 12, 15, 23, 31, 36, 39, 42, 45, 47, 52, 55, 63, 68])
(68, [4, 6])
(69, [2, 7, 12, 15, 20])
(70, [1, 3, 7, 12, 15, 17, 20, 23, 28, 31, 36, 39, 44, 47, 52, 55, 63, 68])
(71, [1, 3, 7, 12, 15, 20, 23, 27, 31, 36, 39, 44, 47, 52, 55, 60, 63, 68, 71, 76, 79, 84])
(72, [3, 7, 12, 15, 20, 23, 28, 31, 36, 39, 44, 47, 49, 52])
(73, [7, 12, 15, 20, 23, 31, 36, 39, 44, 47, 52])
(74, [1, 3, 7, 9, 12, 15, 18, 20, 23, 28, 31, 36, 39, 47, 52, 55, 60, 63, 68, 71, 76])
(75, [7, 12, 15, 17, 20, 23, 28])
(76, [1, 3, 7, 12, 15, 20, 23, 28, 31, 36, 39, 44, 47, 52, 55, 57, 60, 63, 68, 71, 76, 79, 84])
(77, [4, 6])
(78, [1, 3, 7, 9, 12, 15, 18, 20, 23, 26, 28, 31, 36, 39, 47, 52, 55, 60, 63, 68, 71, 76])
(79, [1, 3, 7, 10, 12, 15, 18, 20, 23, 28, 31, 36])
(80, [3, 7, 12, 15, 20, 23, 28, 31, 36, 39, 47, 52])
(81, [1, 3, 7, 10, 12, 15, 20, 23, 28, 31, 36, 39, 44, 47, 50, 52, 55, 60, 63, 68, 71, 76, 79, 84, 87, 92, 95, 100, 103, 111, 117, 119, 124, 127, 132, 135, 140])
(82, [7, 12, 15, 18, 20, 23, 26, 28])
(83, [3, 7, 10, 12, 15, 20, 23, 28, 31, 34, 36, 39, 42, 44])
(84, [7, 12, 15, 20, 23, 28, 31, 36, 39, 44, 47, 52, 55, 60])
(85, [7, 12, 20, 23, 28, 31, 36, 44, 47, 52])
(86, [4, 6])
(87, [7, 12, 15, 20])
(88, [3, 7, 10, 12, 15, 18, 20, 23, 26, 28, 31, 34, 36, 39, 44])
(89, [3, 7, 12, 15, 18, 20, 23, 26, 28])
(90, [3, 7, 12, 15, 18, 20, 23, 28, 31, 36, 39, 44, 48, 52])
(91, [3, 7, 12, 15, 18, 20, 23, 28, 31, 33, 36, 39, 44, 47, 52, 55, 58, 60])
(92, [1, 3, 7, 12, 15, 20, 23, 28, 31, 34, 37, 39, 43, 45, 47, 52, 55, 60, 63, 68, 71, 76, 79, 84])
(93, [1, 3, 7, 12, 15, 18, 20, 23, 26, 28, 31, 34, 36, 39, 44, 47, 51, 55, 60, 63, 68, 71, 76, 79, 84])
(94, [1, 3, 7, 12, 15, 23, 29, 31, 39, 47, 50, 55, 58, 60, 63, 68])
(95, [4, 6])
(96, [2, 4, 7, 12, 15, 18, 20])
(97, [1, 3, 7, 10, 12, 15, 20, 23, 28, 31, 36, 39, 47, 50, 52, 55, 60, 63, 68, 71, 74, 76, 79, 85, 87, 92, 95, 100, 103, 108, 111, 116, 119, 124, 127, 132, 135, 138, 140])
(98, [1, 3, 7, 9, 12, 15, 20, 23, 31, 36, 39, 44, 47, 55, 60, 63, 69, 71, 74, 77, 79, 82, 84])
(99, [7, 12, 15, 18, 20])
(100, [7, 12, 15, 17, 20, 23, 28, 31, 36, 39, 44, 47, 52, 55, 58, 60])
(101, [7, 12, 15, 17, 20, 23, 25, 28])
(102, [7, 9, 12, 15, 23, 28, 31, 36, 39, 44, 47, 50, 52])
(103, [1, 3, 7, 10, 12, 15, 20, 23, 31, 36, 39, 42, 44, 47, 52, 55, 58, 60, 63, 68, 71, 79, 84, 87, 90, 92, 95, 100, 103, 107, 109, 111, 116, 119, 124, 127, 132])
(104, [4, 6])
(105, [2, 7, 9, 12, 15, 20, 23, 28, 31, 36, 39, 44, 47, 52])
(106, [7, 9, 12, 15, 18, 21, 23, 26, 31, 36, 39, 44, 47, 50, 52])
(107, [1, 3, 7, 12, 15, 20, 23, 26, 31, 36, 39, 44, 47, 50, 52, 55, 58, 60, 63, 66, 68])
(108, [7, 12, 15, 20])
(109, [7, 12, 15, 17, 20, 23, 28])
(110, [7, 12, 15, 20, 23, 31, 36, 39, 44, 47, 52])
(111, [1, 3, 7, 10, 12, 15, 20, 23, 31, 34, 36])
(112, [1, 3, 7, 10, 12, 15, 20, 23, 26, 31, 36, 39, 44, 47, 52, 55, 60, 63, 68, 71, 76, 79, 84, 87, 92, 95, 100, 103, 108, 111, 116, 119, 124, 127, 132, 135, 140, 143, 148, 151, 156, 159, 167, 173, 175, 183, 188])
(113, [4, 6])
(114, [7, 12, 15, 17, 20])
(115, [7, 12, 15, 20])
(116, [7, 12, 15, 20, 23, 31, 36, 39, 44, 47, 52, 55, 58, 60, 63, 68, 71, 76, 79, 87, 90, 92])
(117, [4, 6, 8, 12, 18, 20, 22])
(118, [12, 14, 18, 20, 22])
(119, [7, 10, 12, 15, 20, 23, 27, 31, 36, 39, 44])
(120, [3, 7, 12, 15, 20, 23, 28])
(121, [3, 7, 12, 15, 17, 20])
(122, [3, 7, 12, 15, 20, 23, 31, 36, 39, 44, 47, 52, 55, 60, 63, 68, 71, 76, 79, 84, 87, 92])
(123, [4, 6])
(124, [3, 7, 12, 15, 20, 23, 28])
(125, [1, 3, 7, 9, 12, 15, 20, 23, 31, 36, 39, 44, 47, 50, 52, 55, 60, 63, 68, 71, 76])
(126, [1, 3, 7, 9, 12, 15, 20, 23, 28, 31, 34, 36, 39, 44, 47, 52, 55, 60, 63, 68, 71, 76, 79, 87, 92, 95, 98, 100, 103, 108, 111, 116, 119, 122, 127, 132, 135, 140, 143, 148, 151, 156, 159, 162, 164])
(127, [1, 3, 7, 12, 15, 19, 23, 28, 32, 36, 39, 42, 44, 47, 52, 55, 60, 64, 68, 71, 76, 79, 84, 87, 90, 92, 95, 100, 103, 108, 111, 116])
(128, [7, 12, 15, 17, 20, 23, 31, 39, 41, 44, 47, 52, 55, 58, 60])
(129, [3, 7, 12, 15, 18, 23, 28, 31, 36, 39, 47, 52, 55, 63, 68, 71, 76, 79, 84, 87, 92])
(130, [7, 12, 15, 17, 20])
(131, [3, 7, 12, 15, 20, 23, 28, 31, 36, 39, 44, 47, 52])
(132, [4, 6])
(133, [1, 3, 7, 12, 15, 20, 23, 28, 31, 36, 39, 44, 47, 52, 55, 60, 63, 68, 71, 76, 79, 84])
(134, [1, 3, 7, 10, 12, 15, 21, 23, 29, 31, 36, 39, 45, 47, 50, 52, 55, 60, 63, 68, 71, 74, 76, 79, 84, 87, 95, 100, 103, 108, 111, 119, 121, 124])
(135, [7, 12, 15, 17, 20, 23, 28])
(136, [1, 3, 7, 9, 12, 15, 20, 23, 28, 31, 36, 39, 44, 47, 52, 55, 61, 63, 66, 68, 71, 74, 76, 79, 82, 84, 87, 92, 95, 98, 100, 103, 108, 111, 116, 119, 124, 127, 132, 135, 140, 143, 148, 151, 156, 159, 164])
(137, [1, 3, 7, 12, 15, 20, 23, 28, 31, 35, 37, 39, 41, 45, 47, 52, 55, 63, 68, 71, 76, 79, 84])
(138, [1, 3, 7, 9, 12, 23, 26, 28, 31, 36, 44, 47, 52, 63, 65, 68, 71, 76])
(139, [3, 7, 12, 15, 17, 20])
(140, [1, 3, 7, 10, 12, 15, 18, 23, 26, 28, 31, 36])
(141, [4, 6])
(142, [2, 7, 12, 15, 20, 23, 26, 28, 31, 36, 39, 44, 47, 49, 52])
(143, [7, 12, 15, 17, 20, 23, 28])
(144, [7, 12, 15, 18, 20, 23, 28, 31, 34, 39, 44, 47, 50, 52, 55, 63, 68, 71, 76, 79, 84, 87, 92])
(145, [1, 4, 7, 12, 15, 20, 23, 28, 31, 34, 39, 47, 50, 52, 55, 60, 63, 66, 68, 71, 76, 79, 87, 95, 100, 103, 108, 111, 116, 119, 124, 127, 130, 133, 135, 140, 143, 148, 151, 156, 159, 164, 167, 172, 175, 178, 180, 183, 188, 191, 196])
(146, [7, 12, 15, 20, 23, 28, 31, 36, 39, 42, 44, 47, 52])
(147, [2, 7, 10, 12, 15, 18, 20, 23, 28, 31, 34, 36, 39, 44])
(148, [7, 12, 15, 20, 23, 28, 31, 36, 39, 44, 47, 55, 60])
(149, [3, 7, 12, 15, 18, 20])
(150, [4, 6])
(151, [2, 4, 7, 10, 12, 15, 17, 20, 23, 25, 28, 31, 36, 39, 42, 44])
(152, [1, 3, 7, 12, 15, 20, 23, 28, 31, 36, 39, 44, 47, 55, 60, 63, 68, 71, 76, 79, 84])
(153, [7, 12, 15, 18, 20, 23, 28])
(154, [1, 3, 7, 10, 12, 15, 18, 20, 23, 25, 28, 31, 33, 36])
(155, [3, 7, 12, 15, 20, 23, 27, 31, 36, 39, 44, 47, 52])
(156, [1, 3, 7, 10, 12, 15, 20, 23, 26, 28, 31, 39, 44, 47, 52, 55, 58, 60, 63, 68, 71, 76, 79, 84, 87, 92, 95, 100, 103, 108, 111, 115, 119, 124, 127, 130, 132])
(157, [7, 10, 12, 15, 17, 20, 23, 25, 30, 35, 40, 45, 47])
(158, [1, 3, 7, 10, 12, 15, 20, 25, 30, 35, 40, 42, 45, 50, 52, 55, 60, 65, 67, 70, 72, 75, 80, 85, 90, 95, 100, 103, 105, 110, 112])
(159, [7, 10, 12, 15, 17, 20, 22, 25, 27, 30, 35, 40, 45, 50, 55, 60, 65, 67, 70, 72, 75, 77, 80, 82])
(160, [4, 6])
(161, [3, 7, 10, 12, 15, 17, 20, 25, 30, 35, 40, 45, 50, 55, 57])
(162, [1, 3, 7, 10, 12, 20, 25, 30, 35, 40, 45, 50, 55, 57, 60, 65, 70, 75, 80, 85, 87, 90, 92, 95, 100, 105, 110, 115, 118, 120, 123, 125, 130, 135, 140, 142])
(163, [1, 3, 7, 10, 12, 15, 17, 20, 25, 27, 30, 35, 37, 40, 45, 50, 55, 60, 65, 67, 70, 72, 75, 80, 85, 90, 95, 100, 103, 105, 108, 110, 115, 117, 120, 123, 125, 127, 130, 132, 135, 140, 145])
(164, [2, 7, 10, 12, 15, 17, 20, 22, 25, 27, 30, 35, 40, 45, 50, 55, 57, 60, 62, 65, 67])
(165, [2, 7, 12, 15, 20, 25, 30, 32, 35, 40, 45, 50, 55, 60, 62, 65, 70, 73, 75, 80, 85, 87, 90, 95, 97])
(166, [7, 10, 12, 15, 17, 20, 22, 25, 27, 30, 35, 40, 45, 47, 50, 55, 60, 65, 68, 70, 72, 75, 77, 80, 82, 85, 87, 90, 92])
(167, [3, 7, 10, 12, 15, 20, 25, 30, 35, 40, 42])
(168, [2, 7, 10, 12, 15, 20, 25, 30, 35, 37, 40, 42, 45, 50, 55, 57, 60, 65, 67, 70, 73, 75, 80, 82, 85, 90, 92])
(169, [4, 6])
(170, [2, 7, 15, 18, 20, 22, 25, 30, 32, 35, 37])
(171, [7, 10, 12, 15, 17, 20, 22, 25, 27, 30, 32, 35, 37])
(172, [2, 7, 10, 12, 15, 20, 25, 30, 32, 35, 40, 45, 48, 50, 52, 55, 57, 60, 62])
(173, [1, 3, 7, 12, 15, 17, 20, 22, 25, 27, 30, 32, 35, 40, 45, 50, 52, 55, 57, 60, 62, 65, 67, 70, 75, 80, 85, 90, 95, 100, 102, 105, 107, 110, 112, 115, 120, 125, 130, 132])
(174, [2, 7, 10, 12, 15, 20, 22, 25, 30, 35, 40, 45, 47])
(175, [7, 10, 12, 15, 20, 25, 30, 35, 37, 40, 42, 45, 47, 50, 52, 55, 60, 65, 70, 75, 78, 80, 85, 87, 90, 92])
(176, [7, 10, 12, 15, 17, 20, 25, 30, 35, 37, 40, 45, 50, 52, 55, 60, 65, 70, 75, 80, 83, 85, 87, 90, 92])
(177, [7, 10, 12, 15, 20, 25, 27])
(178, [4, 6])
(179, [1, 3, 7, 12, 20, 25, 27, 30, 35, 40, 45, 50, 55, 60, 65, 70, 75, 80, 85, 90, 95, 100, 105, 110, 115, 120, 123, 125, 130, 133, 135, 140, 145, 150, 152, 155, 158, 160, 165, 170, 175, 177])
(180, [1, 3, 7, 15, 17, 20, 25, 30, 32, 35, 37, 40, 42, 45, 47, 50, 55, 60, 65, 67, 70, 72, 75, 77, 80, 82, 85, 87, 90, 95, 100, 105, 110, 115, 117, 120, 125, 127, 130, 135, 140, 142, 145, 150, 152, 155, 157])
(181, [2, 7, 10, 12, 15, 20, 25, 30, 32, 35, 38, 40, 45, 50, 55, 60, 65, 70, 75, 80, 82])
(182, [1, 3, 7, 12, 15, 20, 25, 30, 35, 40, 45, 50, 55, 60, 65, 70, 75, 80, 82, 85, 87, 90, 92, 95, 97, 100, 103, 105, 110, 115, 120, 125, 130, 135, 140, 145, 150, 155, 160, 162, 165, 168, 170, 173, 175, 180, 185, 190, 192, 195, 198, 200, 202, 205, 210, 215, 220, 225, 227])
(183, [2, 7, 10, 12, 15, 20, 23, 25, 27, 30, 35, 40, 43, 45, 47, 50, 55, 60, 65, 70, 75, 80, 85, 87])
(184, [3, 7, 12, 15, 20, 25, 27, 30, 35, 40, 42])
(185, [7, 10, 12, 15, 17, 20, 25, 27, 30, 33, 35, 40, 45, 50, 55, 60, 65, 70, 75, 77, 80, 82])
(186, [1, 3, 7, 10, 12, 15, 20, 25, 30, 32, 35, 40, 45, 47, 50, 55, 60, 62, 65, 67, 70, 73, 75, 80, 85, 90, 95, 100, 105, 110, 113, 115, 120, 125, 130, 133, 135, 138, 140])
(187, [4, 6])
(188, [1, 3, 7, 12, 15, 20, 22, 25, 30, 32, 35, 40, 42, 45, 47, 50, 52, 55, 60, 65, 70, 75, 77, 80, 85, 90, 92, 95, 97, 100, 105, 108, 110, 112, 115, 117, 120, 125, 130, 135, 137])
(189, [7, 12, 15, 20, 22, 25, 27, 30, 32, 35, 38, 40, 42, 45, 50, 55, 60, 65, 70, 75, 80, 85, 90, 95, 97])
(190, [1, 3, 7, 12, 20, 25, 30, 35, 40, 45, 50, 52, 55, 57, 60, 65, 70, 75, 80, 85, 87, 90, 92, 95, 98, 100, 105, 107, 110, 115, 120, 125, 130, 133, 135, 138, 140, 143, 145, 147, 150, 155, 160, 162, 165, 168, 170, 172, 175, 177, 180, 183, 185, 187, 190, 195, 200, 202])
(191, [1, 3, 5, 7, 10, 12, 15, 17, 20, 22, 25, 30, 32, 35, 37, 40, 42, 45, 50, 55, 57, 60, 65, 67, 70, 75, 77, 80, 83, 85, 87, 90, 93, 95, 100, 105, 110, 115, 120, 125, 127])
(192, [3, 7, 10, 12, 15, 20, 22, 25, 27, 30, 32, 35, 37, 40, 45, 50, 55, 60, 65, 67])
(193, [1, 3, 7, 10, 12, 15, 20, 25, 30, 35, 40, 45, 50, 55, 60, 65, 70, 72, 75, 77, 80, 83, 85, 87, 90, 95, 100, 105, 110, 113, 115, 117, 120, 125, 127, 130, 133, 135, 138, 140, 145, 150, 152, 155, 158, 160, 162, 165, 170, 175, 180, 182])
(194, [2, 7, 10, 12, 15, 17, 20, 22, 25, 27, 30, 35, 37, 40, 42, 45, 47, 50, 55, 57, 60, 65, 70, 75, 80, 85, 90, 92, 95, 97, 100, 102])
(195, [7, 10, 12, 15, 20, 22, 25, 27, 30, 32, 35, 37, 40, 45, 50, 55, 60, 65, 70, 72, 75, 77])
(196, [4, 6])
(197, [1, 3, 7, 12, 20, 25, 30, 35, 40, 45, 47, 50, 55, 60, 65, 70, 72, 75, 80, 85, 87, 90, 92, 95, 98, 100, 105, 110, 115, 120, 125, 130, 135, 140, 145, 147, 150, 153, 155, 158, 160, 165, 170, 172, 175, 178, 180, 182, 185, 190, 195, 200, 202])
(198, [1, 3, 7, 10, 12, 15, 17, 20, 22, 25, 27, 30, 32, 35, 37, 40, 42, 45, 50, 55, 60, 62, 65, 67, 70, 75, 80, 83, 85, 87, 90, 92, 95, 97, 100, 103, 105, 107, 110, 112])
(199, [7, 10, 12, 15, 20, 25, 30, 35, 38, 40, 45, 50, 52])
(200, [7, 12, 15, 20, 25, 30, 35, 40, 45, 50, 55, 57, 60, 65, 70, 75, 77, 80, 82, 85, 88, 90, 95, 97])
(201, [7, 10, 12, 15, 17, 20, 22, 25, 27, 30, 32, 35, 40, 45, 50, 55, 57, 60, 62, 65, 70, 75, 80, 82, 85, 87])
(202, [7, 10, 12, 15, 20, 22, 25, 28, 30, 35, 40, 45, 47])
(203, [1, 3, 7, 12, 15, 20, 25, 30, 35, 40, 45, 47, 50, 52, 55, 57, 60, 62, 65, 68, 70, 75, 80, 85, 90, 95, 100, 105, 110, 115, 120, 125, 130, 132])
(204, [1, 3, 7, 12, 15, 20, 22, 25, 27, 30, 32, 35, 37, 40, 42, 45, 47, 50, 52, 55, 60, 62, 65, 67, 70, 72, 75, 80, 85, 87, 90, 95, 100, 102, 105, 107, 110, 112, 115, 120, 123, 125, 130, 135, 140, 142])
(205, [4, 6])
(206, [2, 7, 10, 12, 15, 20, 22, 25, 27, 30, 32, 35, 38, 40, 45, 50, 55, 60, 65, 70, 75, 80, 82])
(207, [1, 3, 7, 12, 20, 25, 30, 33, 35, 37, 40, 45, 50, 55, 60, 65, 70, 72, 75, 80, 85, 90, 95, 100, 105, 110, 115, 117, 120, 122, 125, 128, 130, 135, 140, 145, 150, 155, 160, 165, 170, 175, 180, 183, 185, 187, 190, 195, 197, 200, 203, 205, 208, 210, 215, 220, 225, 227])
(208, [2, 7, 12, 15, 18, 20, 22, 25, 30, 35, 40, 42, 45, 48, 50, 55, 58, 60, 62, 65, 70, 75, 78, 80, 85, 87])
(209, [1, 3, 7, 10, 12, 15, 17, 20, 22, 25, 27, 30, 35, 40, 45, 50, 55, 60, 65, 70, 72, 75, 77, 80, 82, 85, 90, 93, 95, 97, 100, 105, 110, 112, 115, 117, 120, 123, 125, 130, 133, 135, 140, 145, 150, 152, 155, 157, 160, 165, 170, 175, 180, 185, 190, 192])
(210, [2, 7, 10, 12, 15, 20, 25, 30, 35, 40, 42, 45, 47, 50, 52, 55, 60, 65, 70, 75, 77])
(211, [2, 7, 10, 12, 15, 20, 25, 27, 30, 32, 35, 40, 45, 50, 55, 60, 63, 65, 67, 70, 75, 77])
(212, [1, 3, 7, 10, 12, 15, 20, 22, 25, 27, 30, 32, 35, 37, 40, 42, 45, 50, 55, 60, 65, 70, 72, 75, 77, 80, 85, 87, 90, 92, 95, 97, 100, 102, 105, 110, 112, 115, 120, 122])
(213, [3, 7, 10, 12, 15, 20, 25, 30, 35, 40, 45, 47, 50, 52])
(214, [4, 6])
(215, [2, 4, 7, 10, 12, 15, 20, 25, 30, 35, 37, 40, 42, 45, 47, 50, 55, 60, 65, 70, 75, 78, 80, 83, 85, 87])
(216, [2, 7, 10, 12, 15, 20, 25, 30, 35, 37, 40, 45, 50, 53, 55, 57, 60, 62, 65, 67, 70, 72])
(217, [7, 10, 12, 15, 17, 20, 25, 27])
(218, [7, 10, 12, 15, 20, 25, 30, 35, 38, 40, 42])
(219, [3, 7, 12, 15, 20, 22, 25, 30, 32, 35, 40, 45, 50, 55, 57, 60, 65, 70, 75, 77, 80, 82, 85, 90, 93, 95, 97])
(220, [3, 7, 10, 12, 15, 17, 20, 22, 25, 27, 30, 32, 35, 37, 40, 45, 50, 55, 57])
(221, [1, 3, 7, 10, 12, 16, 20, 25, 30, 32, 35, 37, 40, 45, 50, 52, 55, 57, 60, 62, 65, 67, 70, 73, 75, 80, 82, 85, 90, 95, 100, 105, 110, 115, 118, 120, 123, 125, 130, 135, 137, 140])
(222, [1, 3, 7, 12, 15, 20, 22, 25, 27, 30, 32, 35, 37, 40, 45, 47, 50, 55, 60, 65, 70, 72, 75, 77, 80, 82, 85, 87, 90, 95, 100, 105, 110, 113, 115, 117, 120, 125, 127, 130, 132, 135, 140, 145, 147])
(223, [4, 6])
(224, [7, 10, 12, 15, 17, 20, 22, 25, 27, 30, 32, 35, 38, 40, 42, 45, 50, 55, 60, 65, 70, 72])
(225, [1, 3, 7, 10, 12, 15, 20, 25, 30, 35, 40, 42, 45, 47, 50, 55, 60, 65, 70, 75, 80, 82, 85, 87, 90, 93, 95, 100, 105, 110, 115, 120, 125, 130, 133, 135, 140, 145, 150, 155, 157, 160, 163, 165, 167, 170, 172])
(226, [7, 10, 12, 15, 17, 20, 22, 25, 27, 30, 35, 37, 40, 42, 45, 47, 50, 55, 60, 65, 70, 75, 78, 80, 82, 85, 87, 90, 93, 95, 97, 100, 102])
(227, [7, 10, 12, 15, 20, 25, 30, 35, 40, 42])
(228, [2, 7, 10, 12, 15, 20, 25, 30, 35, 37])
(229, [3, 7, 10, 12, 15, 17, 20, 22, 25, 27, 30, 35, 40, 45, 47, 50, 52, 55, 57, 60, 62, 65, 70, 75, 80, 85, 87, 90, 92])
(230, [2, 7, 10, 12, 15, 17, 20, 22])
(231, [7, 10, 12, 15, 20, 25, 30, 35, 40, 45, 50, 55, 60, 65, 70, 75, 80, 85, 90, 93, 95, 100, 105, 107])
(232, [4, 6])
(233, [7, 10, 12, 15, 17, 20, 25, 30, 35, 40, 42, 45, 47, 50, 55, 57, 60, 62, 65, 67, 70, 73, 75, 77, 80, 82])
(234, [7, 10, 12, 15, 17, 20, 25, 27])
(235, [1, 3, 7, 10, 12, 15, 20, 25, 30, 35, 40, 45, 50, 55, 60, 65, 70, 75, 77, 80, 82, 85, 90, 95, 100, 105, 110, 115, 120, 125, 130, 135, 138, 140, 145, 148, 150, 155, 160, 162])
(236, [1, 3, 7, 10, 12, 15, 20, 22, 25, 30, 32, 35, 40, 42, 45, 47, 50, 52, 55, 57, 60, 62, 65, 67, 70, 75, 80, 85, 90, 95, 100, 105, 110, 112, 115, 118, 120, 125, 130, 135, 137, 140, 142, 145, 150, 155, 160, 162])
(237, [2, 7, 10, 12, 15, 20, 22, 25, 27, 30, 32, 35, 38, 40, 45, 50, 55, 60, 63, 65, 70, 72])
(238, [1, 3, 7, 10, 12, 15, 20, 25, 30, 35, 40, 45, 50, 55, 60, 65, 70, 75, 80, 85, 90, 95, 100, 105, 110, 115, 120, 125, 130, 132, 135, 138, 140, 142, 145, 150, 155, 157])
(239, [1, 3, 7, 12, 15, 17, 20, 22, 25, 30, 32, 35, 40, 42, 45, 47, 50, 52, 55, 57, 60, 62, 65, 70, 72, 75, 80, 83, 85, 90, 95, 97, 100, 102, 105, 107, 110, 115, 117])
(240, [7, 10, 12, 15, 20, 22, 25, 27, 30, 35, 40, 45, 50, 55, 58, 60, 65, 70, 75, 77])
(241, [4, 6])
(242, [1, 3, 7, 12, 20, 25, 30, 35, 40, 45, 50, 55, 60, 65, 67, 70, 72, 75, 78, 80, 85, 90, 95, 100, 105, 110, 115, 120, 123, 125, 130, 132])
(243, [1, 3, 7, 10, 12, 15, 17, 20, 22, 25, 27, 30, 32, 35, 37, 40, 45, 50, 55, 60, 65, 67, 70, 72, 75, 77, 80, 82, 85, 87, 90, 95, 97, 100, 105, 110, 115, 118, 120, 125, 127, 130, 132, 135, 137, 140, 142, 145, 150, 152, 155, 160, 162])
(244, [2, 5, 7, 10, 12, 15, 17, 20, 22, 25, 27, 30, 35, 38, 40, 42, 45, 50, 55, 60, 65])
(245, [1, 3, 7, 12, 15, 20, 25, 30, 35, 40, 45, 50, 52, 55, 57, 60, 65, 70, 75, 80, 85, 87, 90, 92, 95, 98, 100, 105, 107, 110, 115, 120, 125, 130, 135, 140, 145, 150, 153, 155, 158, 160, 165, 170, 172, 175, 178, 180, 182, 185, 190, 195, 197, 200, 205, 207, 210, 215, 220, 222])
(246, [1, 3, 7, 10, 12, 15, 17, 20, 22, 25, 27, 30, 32, 35, 37, 40, 45, 52, 55, 57, 60, 62, 65, 70, 72, 75, 80, 85, 90, 95, 100, 103, 105, 110, 115, 117, 120, 122, 125, 127, 130, 135, 140, 145, 150, 152])
(247, [2, 7, 10, 12, 15, 20, 22, 25, 27, 30, 32, 35, 37, 40, 45, 50, 55, 60, 65, 67])
(248, [1, 3, 7, 10, 12, 20, 25, 30, 35, 40, 45, 50, 55, 60, 65, 70, 72, 75, 77, 80, 83, 85, 87, 90, 95, 100, 105, 110, 115, 120, 123, 125, 128, 130, 135, 140, 143, 145, 147, 150, 152])
(249, [7, 12, 15, 20, 25, 30, 35, 37, 40, 45, 50, 52, 55, 57, 60, 65, 70, 75, 80, 85, 87, 90, 92, 95, 97])
(250, [4, 6])
(251, [2, 4, 7, 10, 12, 15, 17, 20, 22, 25, 27, 30, 32, 35, 38, 40, 42, 45, 50, 55, 60, 65, 70, 75, 80, 85])
(252, [1, 3, 7, 12, 15, 20, 25, 30, 35, 40, 45, 50, 52, 55, 60, 65, 70, 72, 75, 77, 80, 82, 85, 87, 90, 93, 95, 100, 105, 110, 115, 120, 125, 130, 135, 137, 140, 145, 150, 152, 155, 158, 160, 163, 165, 170, 175, 177, 180, 185, 190, 195, 197])
(253, [2, 7, 10, 12, 15, 17, 20, 25, 30, 32, 35, 40, 45, 50, 52, 55, 57, 60, 65, 70, 75, 80, 82, 85, 87])
(254, [2, 7, 10, 12, 15, 20, 23, 25, 30, 35, 40, 45, 50, 55, 60, 62])
(255, [1, 3, 7, 12, 15, 20, 25, 30, 35, 40, 45, 47, 50, 52, 55, 60, 65, 70, 75, 80, 82, 85, 87, 90, 92, 95, 97, 100, 103, 105, 110, 115, 120, 125, 130, 135, 140, 145, 150, 155, 160, 163, 165, 168, 170, 175, 180, 183, 185, 187, 190, 195, 198, 200, 202])
(256, [1, 3, 5, 7, 10, 12, 15, 17, 20, 22, 25, 27, 30, 32, 35, 40, 45, 50, 52, 55, 60, 62, 65, 70, 75, 80, 85, 90, 95, 97, 100, 102, 105, 110, 115, 117, 120, 125, 127])
(257, [7, 10, 12, 15, 17, 20, 25, 27, 30, 32, 35, 38, 40, 45, 50, 55, 60, 65, 70, 73, 75, 80, 85, 90, 92])
(258, [1, 3, 7, 12, 20, 25, 30, 35, 40, 45, 50, 55, 60, 65, 70, 75, 80, 85, 90, 95, 100, 102, 105, 107, 110, 113, 115, 120, 125, 130, 135, 140, 145, 150, 155, 160, 165, 168, 170, 172, 175, 180, 185, 187, 190, 193, 195, 198, 200, 205, 210, 215, 217, 220, 223, 225, 227])
(259, [4, 6])
(260, [2, 7, 15, 20, 25, 30, 35, 37])
(261, [1, 3, 7, 12, 15, 20, 22, 25, 30, 32, 35, 37, 40, 42, 45, 47, 50, 55, 60, 65, 70, 75, 77, 80, 82, 85, 87, 90, 92, 95, 100, 105, 110, 115, 120, 125, 127, 130, 132, 135, 140, 145, 148, 150, 152, 155, 157, 160, 163, 165, 167, 170, 175, 180, 185, 187, 190, 192, 195, 197])
(262, [7, 10, 12, 15, 17, 20, 22, 25, 27, 30, 32, 35, 38, 40, 43, 45, 50, 55, 60, 65, 70, 75, 80, 82])
(263, [1, 3, 7, 10, 12, 15, 20, 25, 30, 35, 40, 45, 50, 55, 60, 62, 65, 67, 70, 73, 75, 80, 85, 90, 95, 100, 105, 110, 115, 120, 125, 130, 135, 137])
(264, [3, 7, 10, 12, 15, 17, 20, 22, 25, 27, 30, 32, 35, 37, 40, 42, 45, 50, 52, 55, 57])
(265, [2, 7, 10, 12, 15, 20, 25, 27])
(266, [7, 10, 12, 15, 20, 25, 30, 35, 40, 45, 50, 55, 58, 60, 62])
(267, [7, 10, 12, 15, 17, 20, 22, 25, 27, 30, 32, 35, 40, 42, 45, 50, 55, 60, 65, 67, 70, 72])
(268, [4, 6])
(269, [7, 10, 12, 15, 17, 20, 25, 30, 35, 40, 45, 47])
(270, [7, 10, 12, 15, 20, 25, 30, 35, 37, 40, 45, 50, 55, 60, 65, 70, 75, 80, 82])
(271, [7, 15, 18, 20, 22, 25, 27, 30, 32, 35, 40, 45, 47])
(272, [7, 10, 12, 15, 20, 22])
(273, [3, 7, 10, 12, 15, 20, 25, 30, 35, 40, 45, 50, 55, 57, 60, 65, 70, 75, 78, 80, 85, 87])
(274, [1, 3, 7, 12, 15, 17, 20, 25, 30, 32, 35, 40, 45, 50, 55, 57, 60, 62, 65, 67, 70, 75, 80, 82, 85, 87, 90, 92, 95, 100, 103, 105, 110, 115, 118, 120, 122, 125, 127, 130])
(275, [3, 5, 7, 10, 12, 15, 17])
(276, [3, 7, 10, 12, 20, 25, 27, 30, 32, 35, 40, 42, 45, 50, 55, 57])
(277, [4])
(278, [3, 7, 15, 20, 25, 27, 30, 32, 35, 38, 40, 45, 47, 50, 52])
(279, [7, 10, 12, 15, 20, 22, 25, 30, 32, 35, 37, 40, 45, 50, 52])
(280, [7, 10, 12, 15, 20, 25, 30, 32, 35, 37, 40, 42, 45, 50, 55, 57, 60, 62, 65, 70, 75, 80, 83, 85])
(281, [2, 7, 10, 12, 15, 17, 20, 22, 25, 27, 30, 32, 35, 40, 45, 47, 50, 52, 55, 57, 60, 62, 65, 67, 70, 75, 80, 85, 87, 90, 92])
(282, [7, 10, 12, 15, 20, 25, 30, 35, 37])
(283, [7, 10, 12, 20, 25, 30, 35, 40, 42, 45, 47, 50, 55, 57, 60, 65, 70, 72])
(284, [7, 10, 12, 15, 17, 20, 22, 25, 27, 30, 35, 40, 45, 50, 52, 55, 60, 62, 65, 67, 70, 72, 75, 80, 85, 90, 95, 97, 100, 102, 105, 107])
(285, [7, 10, 12, 15, 17, 20, 22, 25, 30, 32])
(286, [4, 6])
(287, [7, 10, 12, 15, 20, 25, 30, 35, 40, 45, 50, 55, 60, 65, 70, 75, 80, 83, 85, 87])
(288, [2, 7, 10, 12, 15, 17, 20, 22, 25, 27, 30, 35, 37, 40, 42, 45, 47, 50, 52, 55, 60, 62, 65, 70, 72, 75, 77, 80, 82, 85, 90, 92])
(289, [7, 10, 12, 15, 17, 20, 25, 30, 35, 40, 45, 47])
(290, [7, 10, 12, 15, 20, 25, 30, 35, 40, 45, 50, 55, 60, 63, 65, 67, 70, 75, 80, 85, 90, 92])
(291, [1, 3, 7, 10, 12, 15, 20, 22, 25, 30, 35, 40, 45, 50, 52, 55, 57])
(292, [7, 10, 12, 15, 20, 25, 30, 32])
(293, [7, 10, 12, 15, 20, 25, 30, 35, 40, 45, 50, 55, 60, 65, 70, 72])
(294, [1, 3, 7, 10, 12, 15, 17, 20, 22, 25, 27, 30, 32, 35, 40, 45, 50, 55, 60, 65, 67, 70, 72, 75, 77, 80, 82, 85, 87, 90, 95, 100, 105, 107, 110, 112])
(295, [4, 6])
(296, [5, 7, 10, 12, 15, 20, 22, 25, 30, 35, 40, 42])
(297, [5, 7, 10, 12, 15, 20, 25, 30, 35, 40, 45, 50, 55, 60, 65, 70, 75, 80, 85, 90, 95, 100, 102])
(298, [1, 3, 5, 7, 10, 12, 15, 17, 20, 22, 25, 27, 30, 32, 35, 37, 40, 45, 50, 55, 60, 63, 65, 70, 72, 75, 80, 82, 85, 87, 90, 92, 95, 100, 105, 107, 110, 112, 115, 117, 120, 122, 125])
(299, [7, 10, 12, 15, 17, 20, 22, 25, 27, 30, 32, 35, 40, 45, 50, 55, 60, 62])
(300, [7, 10, 12, 15, 25, 30, 35, 40, 45, 47, 50, 55, 57, 60, 65, 67, 70, 75, 80, 85, 87])
(301, [7, 15, 17, 20, 22, 25, 30, 35, 37, 40, 42, 45, 50, 55, 60, 65, 70, 75, 77, 80, 85, 87, 90, 93, 95, 97, 100, 102])
(302, [5, 7, 10, 12, 15, 20, 25, 30, 35, 40, 42])
(303, [1, 3, 5, 7, 10, 12, 15, 20, 22, 25, 30, 35, 40, 45, 50, 55, 57, 60, 62, 65, 67])
(304, [4, 6])
(305, [1, 3, 7, 10, 12, 15, 17, 20, 25, 30, 35, 40, 45, 48, 50, 55, 57])
(306, [7, 10, 12, 15, 20, 22, 25, 27])
(307, [7, 10, 12, 20, 25, 30, 35, 40, 45, 47, 50, 55, 60, 65, 70, 75, 80, 85, 88, 90, 95, 100, 105, 107])
(308, [1, 3, 7, 10, 12, 15, 17, 20, 22, 25, 27, 30, 32, 35, 40, 45, 50, 55, 60, 65, 70, 72, 75, 80, 82, 85, 90, 95, 100, 105, 110, 115, 117, 120, 125, 127, 130, 135, 137, 140, 142, 145, 147, 150, 155, 157])
(309, [7, 10, 12, 15, 20, 22, 25, 28, 30, 35, 40, 45, 50, 55, 60, 65, 67, 70, 72, 75, 77])
(310, [1, 3, 5, 7, 12, 15, 20, 25, 30, 35, 40, 45, 50, 55, 60, 65, 70, 75, 77, 80, 83, 85, 90, 95, 100, 105, 110, 115, 120, 125, 128, 130, 135, 138, 140, 142, 145, 150, 155, 160, 165, 167])
(311, [1, 3, 5, 7, 12, 15, 20, 22, 25, 30, 35, 40, 45, 50, 52, 55, 57, 60, 65, 70, 75, 80, 85, 90, 92, 95, 97, 100, 102, 105, 110, 112, 115, 117])
(312, [7, 10, 12, 15, 17, 20, 25, 27, 30, 32])
(313, [4, 6])
(314, [1, 3, 5, 7, 10, 12, 15, 20, 25, 30, 35, 40, 45, 50, 52, 55, 60, 65, 67, 70, 72, 75, 78, 80, 85, 90, 95, 100, 105, 110, 115, 117, 120, 122])
(315, [7, 10, 12, 15, 17, 20, 25, 30, 32, 35, 40, 42, 45, 50, 52, 55, 57, 60, 65, 67, 70, 72])
(316, [1, 3, 5, 7, 10, 12, 15, 17, 20, 22, 25, 27, 30, 32, 35, 37, 40, 45, 50, 55, 60, 63, 65, 67])
(317, [7, 10, 12, 15, 20, 22, 25, 27, 30, 35, 40, 45, 47, 50, 53, 55, 57, 60, 65, 67, 70, 73, 75, 78, 80, 85, 87, 90, 95, 100, 102])
(318, [1, 3, 5, 7, 10, 12, 15, 17, 20, 22, 25, 27, 30, 32, 35, 37, 40, 45, 47, 50, 52, 55, 57, 60, 62, 65, 67, 70, 75, 80, 85, 90, 92, 95, 97, 100, 102, 105, 110, 113, 115, 117, 120, 122])
(319, [7, 10, 12, 15, 17, 20, 22])
(320, [7, 10, 12, 16, 20, 25, 30, 35, 40, 42])
(321, [7, 12, 15, 20, 25, 27, 30, 32, 35, 37, 40, 45, 50, 55, 60, 65, 70, 72, 75, 77, 80, 85, 90, 95, 97])
(322, [4, 6])
(323, [5, 7, 10, 12, 15, 20, 22])
(324, [5, 7, 12, 15, 20, 25, 30, 32, 35, 37, 40, 45, 50, 55, 60, 65, 70, 75, 80, 83, 85, 90, 95, 97])
(325, [7, 10, 12, 15, 20, 25, 30, 35, 38, 40, 42, 45, 47, 50, 52, 55, 58, 60, 62])
(326, [7, 10, 12, 15, 17, 20, 25, 30, 35, 40, 42, 45, 50, 52])
(327, [1, 3, 5, 7, 10, 12, 20, 25, 30, 35, 37, 40, 42, 45, 50, 55, 60, 62, 65, 67, 70, 72, 75, 78, 80, 82, 85, 90, 95, 100, 105, 110, 115, 117, 120, 123, 125, 127, 130, 132, 135, 138, 140, 142, 145, 147])
(328, [7, 10, 12, 15, 20, 22, 25, 27, 30, 35, 37, 40, 45, 50, 55, 60, 65, 70, 72, 75, 77, 80, 82, 85, 90, 92, 95, 97, 100, 102])
(329, [1, 3, 7, 10, 12, 15, 20, 22, 25, 27, 30, 32, 35, 37, 40, 45, 50, 55, 57])
(330, [1, 3, 5, 7, 10, 12, 15, 20, 25, 30, 35, 40, 45, 50, 55, 60, 62, 65, 67, 70, 72, 75, 80, 85, 88, 90, 95, 100, 105, 110, 112])
(331, [4, 6])
(332, [7, 10, 12, 15, 17, 20, 22, 25, 27, 30, 32, 35, 37, 40, 45, 50, 52, 55, 57, 60, 65, 67, 70, 72, 75, 80, 82, 85, 87, 90, 93, 95, 100, 102])
(333, [7, 10, 12, 15, 20, 23, 25, 30, 32])
(334, [1, 3, 5, 7, 10, 12, 20, 25, 30, 32, 35, 37, 40, 45, 50, 55, 60, 65, 67, 70, 75, 80, 85, 90, 95, 100, 105, 110, 115, 120, 122, 125, 127])
(335, [1, 3, 5, 7, 10, 12, 15, 20, 25, 27, 30, 32, 35, 37, 40, 42, 45, 47, 50, 52, 55, 60, 65, 70, 72, 75, 77, 80, 85, 90, 95, 98, 100, 102, 105, 107, 110, 115, 117, 120, 122])
(336, [1, 3, 7, 10, 12, 15, 20, 22, 25, 27, 30, 32, 35, 38, 40, 45, 50, 55, 60, 65, 67])
(337, [1, 3, 5, 7, 10, 12, 15, 20, 25, 30, 35, 40, 45, 50, 52, 55, 57, 60, 65, 70, 75, 80, 85, 90, 92, 95, 97, 100, 103, 105, 107, 110, 115, 120, 125, 130, 135, 140, 142, 145, 148, 150, 155, 160, 162, 165, 168, 170, 172, 175, 180, 182])
(338, [1, 3, 5, 7, 10, 12, 15, 20, 25, 27, 30, 32, 35, 40, 42, 45, 47, 50, 52, 55, 57, 60, 62, 65, 67, 70, 75, 80, 83, 85, 87, 90, 92, 95, 100, 105, 108, 110, 112, 115, 120, 125, 127])
(339, [1, 3, 5, 7, 10, 12, 15, 17, 20, 22, 25, 27, 30, 35, 40, 45, 50, 55, 57])
(340, [4, 6])
(341, [1, 3, 5, 7, 10, 12, 15, 20, 25, 30, 35, 40, 45, 47, 50, 52, 55, 60, 62, 65, 68, 70, 75, 77, 80, 85, 90, 95, 100, 105, 110, 115, 117, 120, 123, 125, 128, 130, 135, 140, 142, 145, 147, 150, 155, 160, 162])
(342, [7, 10, 12, 15, 17, 20, 22, 25, 30, 32, 35, 40, 45, 47, 50, 55, 57, 60, 62, 65, 70, 75, 80, 85, 87])
(343, [1, 3, 7, 12, 15, 17])
(344, [1, 3, 7, 10, 12, 15, 20, 25, 27, 30, 32, 35, 40, 42, 45, 47, 50, 55, 58, 60, 65, 67])
(345, [7, 15, 17, 20, 25, 30, 35, 40, 45, 47])
(346, [7, 10, 12, 15])
(347, [7, 10, 12, 20, 25, 30, 35, 37, 40, 45, 50, 52, 55, 57, 60, 65, 70, 72])
(348, [7, 12, 15, 20, 22, 25, 27, 30, 35, 40, 42, 45, 50, 52, 55, 60, 65, 70, 75, 80, 83, 85, 87, 90, 92, 95, 97])
(349, [4, 6])
(350, [1, 3, 5, 7, 10, 12, 15, 20, 22, 25, 30, 35, 40, 45, 50, 55, 60, 65, 67])
(351, [7, 10, 12, 15, 20, 25, 27, 30, 35, 37, 40, 45, 50, 55, 57, 60, 62, 65, 70, 75, 80, 85, 87])
(352, [7, 10, 12, 15, 20, 22, 25, 27, 30, 35])
(353, [5, 7, 10, 12, 15, 17, 20, 22])
(354, [1, 3, 5, 7, 10, 12, 15, 20, 25, 27, 30, 32, 35, 38, 40, 42, 45, 50, 55, 60, 65, 70, 75, 78, 80, 85, 87, 90, 93, 95, 97, 100, 105])
(355, [1, 3, 5, 7, 10, 12, 15, 17, 20, 25, 27, 30, 32, 35, 37, 40, 43, 45, 50, 55, 57, 60, 62, 65, 70, 72, 75, 77, 80, 85, 90, 92, 95, 97, 100, 102, 105, 107, 110, 112, 115, 117])
(356, [7, 10, 12, 15, 20, 22, 25, 27, 30, 32, 35, 40, 45, 50, 55, 60, 65, 70, 72])
(357, [1, 3, 5, 7, 10, 12, 20, 25, 30, 35, 40, 42, 45, 47, 50, 55, 60, 65, 70, 75, 77, 80, 82, 85, 88, 90, 95, 97, 100, 105, 110, 115, 120, 125, 130, 133, 135, 137, 140, 145, 147])
(358, [4, 6])
(359, [5, 7, 12, 15, 17, 20, 22, 25, 27, 30, 32, 35, 37, 40, 45, 50, 55, 57, 60, 62, 65, 70, 72, 75, 80, 85, 90, 93, 95, 97])
(360, [1, 3, 5, 7, 10, 12, 15, 17, 20, 25, 30, 35, 37, 40, 45, 50, 55, 57])
(361, [7, 10, 12, 15, 20, 25, 30, 35, 40, 42, 45, 50, 55, 60, 65, 67, 70, 75, 77, 80, 82])
(362, [7, 10, 12, 15, 20, 22, 25, 30, 32, 35, 40, 45, 47, 50, 55, 60, 62, 65, 68, 70, 72, 75, 80, 82])
(363, [7, 10, 12, 15, 20, 22])
(364, [7, 10, 12, 15, 20, 25, 30, 35, 40, 45, 50, 55, 60, 65, 67, 70, 72])
(365, [5, 7, 10, 12, 15, 17, 20, 22, 25, 30, 35, 37, 40, 42, 45, 50, 55, 60, 62, 65, 67, 70, 72, 75, 77])
(366, [5, 7, 12, 15, 18, 20, 25, 30, 35, 40, 42])
(367, [4, 6])
(368, [1, 3, 5, 7, 10, 12, 20, 25, 30, 35, 40, 45, 47, 50, 52, 55, 57, 60, 63, 65, 67, 70, 75, 80, 85, 90, 95, 100, 103, 105, 110, 112, 115, 118, 120, 122, 125, 130, 135, 137])
(369, [5, 7, 10, 12, 15, 17, 20, 22, 25, 27, 30, 35, 40, 45, 50, 52, 55, 60, 65, 67, 70, 72, 75, 80, 85, 87])
(370, [7, 10, 12, 15, 20, 22, 25, 27, 30, 32, 35, 40, 45, 50, 55, 60, 62, 65, 70, 72])
(371, [7, 10, 12, 15, 20, 25, 30, 35, 37, 40, 42, 45, 50, 55, 57, 60, 65, 70, 75, 80, 85, 90, 95, 100, 102, 105, 107])
(372, [1, 3, 7, 10, 12, 15, 20, 25, 30, 32, 35, 37, 40, 45, 50, 55, 60, 65, 67, 70, 72, 75, 77, 80, 82, 85, 90, 95, 100, 105, 110, 112, 115])
(373, [7, 10, 12, 15, 20, 25, 30, 35, 40, 45, 47])
(374, [7, 10, 12, 16, 20, 25, 30, 35, 40, 42, 45, 48, 50, 52, 55, 60, 65, 70, 75, 77])
(375, [7, 10, 12, 15, 20, 25, 27, 30, 35, 40, 42, 45, 50, 55, 60, 62, 65, 67, 70])
(376, [4, 6])
(377, [7, 10, 12, 15, 20, 22, 25, 30, 35, 37])
(378, [7, 10, 12, 15, 20, 25, 30, 35, 40, 42, 45, 47, 50, 55, 60, 65, 68, 70, 72])
(379, [5, 7, 10, 12, 15, 17, 20, 22, 25, 30, 32, 35, 40, 45, 50, 52, 55, 60, 62, 65, 67, 70, 72, 75, 80, 85, 90, 92, 95, 97, 100])
(380, [1, 3, 5, 7, 10, 12, 20, 25, 30, 35, 40, 45, 47, 50, 55, 60, 65, 67])
(381, [5, 7, 15, 17, 20, 25, 30, 35, 40, 42, 45, 47])
(382, [1, 3, 5, 7, 10, 12, 15, 17, 20, 22, 25, 27, 30, 33, 35, 40, 42])
(383, [5, 7, 10, 12, 15, 20, 22, 25, 30, 35, 40, 45, 50, 55, 60, 65, 70, 75, 80, 85, 90, 92])
(384, [5, 7, 12, 15, 17, 20, 22, 25, 27, 30, 32, 35, 37, 40, 45, 47, 50, 52, 55, 57, 60, 62, 65, 67, 70, 75, 80, 85, 87, 90, 92, 95, 97])
(385, [4, 6])
(386, [5, 7, 12, 15, 17, 20, 25, 30, 35, 40, 42])
(387, [1, 3, 5, 7, 10, 12, 20, 25, 30, 35, 37, 40, 45, 50, 52, 55, 58, 60, 62, 65, 70, 75, 80, 85, 87, 90, 92, 95, 98, 100, 102, 105, 110, 115, 118, 120, 122, 125, 127])
(388, [5, 7, 10, 12, 15, 17, 20, 22, 25, 27, 30, 32, 35, 37, 40, 45, 47, 50, 52, 55, 57, 60, 62, 65, 70, 75, 78, 80, 82, 85, 87, 90, 92, 95, 100, 102])
(389, [5, 7, 10, 12, 15, 20, 22, 25, 28, 30, 32, 35, 37])
(390, [5, 7, 10, 12, 15, 20, 25, 30, 32, 35, 40, 45, 50, 55, 60, 65, 68, 70, 75, 77])
(391, [7, 10, 12, 15, 22, 25, 27, 30, 32, 35, 40, 45, 50, 55, 57, 60, 62])
(392, [5, 7, 10, 12, 15, 17, 20])
(393, [5, 7, 10, 12, 15, 20, 25, 30, 35, 40, 42, 45, 50, 55, 60, 65, 68, 70, 73, 75, 80, 85, 90, 92])
(394, [4, 6])
(395, [5, 7, 15, 17, 20, 25, 30, 35, 40, 45, 47, 50, 52, 55, 57, 60, 63, 65, 70, 72, 75, 77, 80, 85, 90, 92])
(396, [5, 7, 10, 12, 15, 20, 22, 25, 30, 33, 35, 40, 45, 47])
(397, [1, 7, 10, 12, 15, 20, 25, 30, 35, 40, 45, 50, 55, 60, 65, 70, 75, 80, 83, 85, 88, 90, 95, 100, 105, 107, 110, 112])
(398, [5, 7, 10, 12, 15, 17, 20, 22, 25, 27, 30, 35, 40, 45, 50, 52, 55, 57, 60, 62, 65, 67, 70, 72, 75, 80, 85, 90, 92])
(399, [5, 7, 10, 12, 15, 20, 22])
(400, [7, 10, 12, 20, 25, 30, 35, 40, 45, 47, 50, 52, 55, 58, 60, 62])
(401, [5, 7, 12, 15, 17, 20, 25, 28, 30, 32, 35, 40, 42])
(402, [5, 7, 10, 12, 15, 17, 20])
(403, [4, 6])
(404, [7, 10, 12, 15, 20, 25, 30, 35, 40, 45, 50, 55, 60, 65, 70, 75, 80, 85, 90, 92])
(405, [7, 10, 12, 15, 17, 20, 22, 25, 30, 35, 37, 40, 42, 45, 47, 50, 52, 55, 57, 60, 62])
(406, [5, 7, 10, 12, 15, 20, 22, 25, 30])
(407, [1, 3, 5, 7, 10, 12, 15, 20, 25, 30, 35, 40, 45, 50, 55, 60, 65, 70, 75, 77, 80, 85, 90, 95, 100, 105, 110, 115, 120, 122])
(408, [1, 3, 7, 10, 12, 15, 17, 20, 22, 25, 27, 30, 35, 37, 40, 45, 50, 55, 60, 65, 67, 70, 72, 75, 77, 80, 82, 85, 90, 95, 100, 102, 105, 107, 110, 115, 117])
(409, [7, 10, 12, 15, 25, 30, 33, 35, 37, 40, 45, 50, 55, 60, 62])
(410, [5, 7, 10, 12, 20, 25, 30, 35, 40, 45, 50, 55, 57, 60, 65, 70, 75, 80, 85, 90, 95, 98, 100, 102])
(411, [1, 3, 5, 7, 10, 12, 15, 17, 20, 22, 25, 30, 35, 40, 45, 50, 52, 55, 57, 60, 62, 65, 70, 75, 80, 85, 87, 90, 92, 95, 97, 100, 105, 107, 110, 112, 115, 117])
(412, [4, 6])
(413, [1, 3, 5, 7, 10, 12, 15, 17, 20, 22, 25, 27, 30, 32, 35, 40, 45, 50, 52, 55])
(414, [5, 7, 10, 12, 15, 20, 25, 30, 32, 35, 40, 42, 45, 47, 50, 53, 55, 57, 60, 65, 70, 75, 80, 83, 85, 87])
(415, [5, 7, 10, 12, 15, 20, 22, 25, 27, 30, 32, 35, 40, 45, 47, 50, 55, 57, 60, 62, 65, 70, 75, 80, 85, 90, 92, 95, 97, 100, 102])
(416, [5, 7, 10, 12, 15, 20, 25, 30, 35, 40, 42])
(417, [7, 10, 12, 15, 20, 25, 30, 32, 35, 40, 45, 47, 50, 52, 55, 60, 65, 70, 75, 80, 85, 90, 93, 95, 100, 102])
(418, [7, 12, 15, 17, 20, 25, 27, 30, 32, 35, 37, 40, 42, 45, 47])
(419, [1, 3, 5, 7, 10, 12, 15, 20, 22, 25, 27, 30, 35, 40, 45, 50, 55, 57])
(420, [7, 10, 12, 15, 20, 25, 30, 35, 40, 42, 45, 50, 55, 58, 60, 62, 65, 70, 75, 80, 85, 88, 90])
(421, [4])
(422, [1, 3, 7, 10, 12, 15, 17, 20, 22, 25, 27, 30, 32, 35, 40, 45, 50, 52, 55, 57, 60, 62, 65, 70, 75, 80, 85, 90, 95, 100, 105, 110, 112, 115, 117])
(423, [7, 10, 12, 15, 20, 25, 27, 30])
(424, [7, 10, 12, 20, 25, 30, 35, 40, 45, 50, 55, 57, 60, 62, 65, 70, 75, 80, 85, 90, 95, 97, 100, 102])
(425, [2, 7, 12, 15, 20, 25, 30, 32, 35, 37, 40, 45, 50, 55, 60, 62, 65, 67, 70, 72, 75, 77, 80, 82, 85, 90, 92, 95, 97])
(426, [7, 10, 12, 15, 20, 25, 30, 35, 37, 40])
(427, [7, 10, 12, 15, 17, 20, 25, 30, 32, 35, 37, 40, 42, 45, 50, 55, 60, 63, 65, 70, 72, 75, 78, 80])
(428, [7, 10, 12, 15, 17, 20, 22, 25, 27, 30, 32, 35, 38, 40, 42, 45, 47, 50, 52])
(429, [7, 15, 17, 20, 25, 30, 35, 37, 40, 45, 47, 50, 52])
(430, [4, 6])
(431, [7, 10, 12, 15, 20, 25, 30, 35, 40, 45, 50, 55, 60, 65, 70, 75, 80, 85, 87])
(432, [7, 10, 12, 15, 20, 25, 30, 35, 40, 45, 50, 52, 55, 57, 60, 62, 65, 68, 70, 75, 77, 80, 82])
(433, [1, 3, 7, 10, 12, 15, 17, 20, 22, 25, 27, 30, 32, 35, 40, 45, 50, 55, 57])
(434, [1, 3, 7, 10, 12, 15, 20, 25, 30, 35, 40, 45, 50, 52, 55, 57, 60, 62, 65, 67, 70, 73, 75, 77, 80, 85, 90, 95, 100, 105, 110, 112, 115, 118, 120, 123, 125, 130, 132, 135, 138, 140, 142, 145, 150, 153, 157])
(435, [7, 10, 12, 15, 20, 25, 30, 35, 37, 40, 45, 50, 55, 60, 65, 70, 72, 75, 80, 83, 85, 87, 90, 95, 100, 102, 105, 107])
(436, [7, 10, 12, 15, 20, 22, 25, 27, 30, 32, 35, 37, 40, 45, 50, 55, 57, 60, 62])
(437, [1, 3, 5, 7, 12, 20, 25, 30, 35, 40, 45, 47, 50, 52, 55, 57, 60, 62, 65, 67, 70, 73, 75, 80, 85, 87, 90, 95, 98, 100, 105, 107, 110, 113, 115, 117, 120, 125, 130, 132])
(438, [7, 15, 20, 25, 30, 35, 40, 42, 45, 47, 50, 52, 55, 58, 60, 62, 65, 70, 73, 75, 77])
(439, [4, 6])
(440, [1, 5, 7, 10, 12, 15, 17])
(441, [1, 3, 5, 7, 10, 12, 15, 17, 20, 22, 25, 27, 30, 35, 40, 45, 50, 55, 60, 62, 65])
(442, [1, 3, 5, 7, 10, 12, 15, 20, 22, 25, 30, 32, 35, 40, 42, 45, 50, 52, 55, 57, 60, 62, 65, 67])
(443, [1, 3, 7, 10, 12, 15, 20, 25, 30, 35, 40, 45, 50, 55, 57])
(444, [7, 10, 12, 15, 17, 20, 22, 25, 27, 30, 32])
(445, [7, 10, 12, 15, 20, 25, 30, 35, 37, 40, 45, 47, 50, 52, 55, 60, 65, 70, 72, 75, 78, 80, 85, 87])
(446, [5, 7, 10, 12, 15, 20, 25, 30, 32, 35, 37, 40, 45, 50, 52])
(447, [5, 7, 12, 15, 17, 20, 22, 25, 27, 30, 35, 40, 45, 47, 50, 52, 55, 60, 65, 70, 75, 78, 80, 82, 85, 88, 90, 95, 97, 100, 102])
(448, [4, 6])
(449, [1, 3, 5, 7, 12, 15, 17])
(450, [7, 10, 12, 15, 20, 25, 30, 35, 40, 45, 50, 55, 60, 62, 65, 67, 70, 75, 80, 83, 85, 87])
(451, [7, 10, 12, 15, 17, 20, 22, 25, 30, 32, 35, 37, 40, 45, 50, 52, 55, 57, 60, 63, 65, 67, 70, 72, 75, 77])
(452, [1, 3, 7, 15, 20, 25, 30, 35, 40, 42])
(453, [1, 3, 7, 12, 20, 25, 30, 32, 35, 40, 45, 50, 55, 57, 60, 63, 65, 70, 72, 75, 80, 85, 90, 95, 100, 105, 108, 110, 115, 117, 120, 122, 125, 130, 132])
(454, [1, 3, 5, 7, 10, 12, 15, 17, 20, 22, 25, 27, 30, 32, 35, 37, 40, 45, 50, 55, 60, 62, 65, 67, 70, 72, 75, 77, 80, 82, 85, 87, 90, 95, 100, 105, 110, 112, 115, 117])
(455, [7, 10, 12, 15, 17, 20, 22, 25, 27, 30, 32, 35, 40, 45, 50, 55, 60, 62])
(456, [1, 7, 12, 15, 20, 22, 25, 30, 35, 37, 40, 42, 45, 50, 55, 60, 62, 65, 67, 70, 73, 75, 80, 85, 90, 95, 100, 105, 110, 115, 120, 122, 125, 128, 130, 133, 135, 140, 145, 147, 150, 153, 155, 157, 160, 165, 167])
(457, [4, 6])
(458, [7, 10, 12, 15, 17, 20, 22, 25, 30, 35, 37, 40, 43, 45, 50, 52, 55, 60, 62, 65, 67, 70, 72, 75, 80, 82, 85, 87, 90, 92])
(459, [7, 10, 12, 15, 17, 20, 22, 25, 27, 30, 33, 35, 37, 40, 45, 50, 53, 55, 60, 62])
(460, [1, 3, 5, 7, 10, 12, 15, 20, 25, 27, 30, 35, 37, 40, 42, 45, 47, 50, 52, 55, 58, 60, 65, 70, 75, 80, 85, 88, 90, 92, 95, 100, 102, 105, 108, 110, 113, 115, 120, 123, 125, 127, 130, 135, 137, 140, 145, 147])
(461, [7, 10, 12, 15, 20, 25, 30, 32, 35, 37, 40, 42, 45, 50, 55, 57, 60, 62, 65, 70, 75, 77])
(462, [5, 7, 10, 12, 15, 20, 25, 27])
(463, [7, 10, 12, 20, 25, 30, 35, 40, 45, 50, 52, 55, 60, 63, 65, 67, 70, 75, 77])
(464, [1, 3, 5, 7, 10, 12, 15, 20, 22, 25, 27, 30, 32, 35, 37, 40, 45, 50, 55, 58, 60, 62, 65, 67])
(465, [7, 10, 12, 15, 20, 22])
(466, [4, 6])
(467, [1, 3, 5, 7, 10, 12, 15, 20, 25, 27, 30, 35, 40, 45, 50, 55, 57])
(468, [1, 3, 5, 7, 10, 12, 15, 17, 20, 22, 25, 27, 30, 35, 40, 45, 47, 50, 52, 55, 60, 65, 67])
(469, [1, 3, 7, 10, 12, 15, 17, 20, 25, 30, 35, 40, 45, 50, 52])
(470, [7, 10, 12, 15, 20, 25, 30, 35, 37, 40, 42, 45, 50, 55, 60, 65, 70, 75, 80, 82, 85, 87])
(471, [5, 7, 10, 12, 15, 17, 20, 25, 27, 30, 32, 35, 40, 45, 50, 55, 57, 60, 62, 65, 67, 70, 75, 80, 85, 87])
(472, [1, 3, 5, 7, 12, 15, 17])
(473, [7, 10, 12, 15, 20, 25, 27, 30, 32, 35, 37])
(474, [1, 3, 5, 7, 15, 20, 25, 30, 35, 40, 45, 50, 52, 55, 57, 60, 63, 65, 67])
(475, [4, 6])
(476, [7, 10, 12, 15, 20, 25, 30, 32])
(477, [7, 10, 12, 15, 20, 25, 30, 35, 40, 45, 50, 55, 57, 60, 62, 65, 70, 75, 80, 82])
(478, [7, 10, 12, 15, 17, 20, 25, 27, 30, 35, 37, 40, 42, 45, 47, 50, 52, 55, 57, 60, 65, 70, 75, 77, 80, 83, 85, 87, 90, 92])
(479, [5, 7, 10, 12, 15, 20, 25, 30, 35, 40, 45, 47])
(480, [7, 10, 12, 20, 25, 30, 35, 40, 45, 50, 55, 57, 60, 62, 65, 70, 75, 77])
(481, [5, 7, 12, 15, 17, 20, 22, 25, 27, 30, 35, 40, 45, 50, 55, 60, 62, 65, 67, 70, 75, 80, 85, 87, 90, 92, 95, 97])
(482, [1, 3, 5, 7, 10, 12, 15, 17])
(483, [1, 3, 5, 7, 10, 12, 15, 20, 25, 30, 35, 40, 45, 50, 55, 60, 65, 67])
(484, [4, 6])
(485, [1, 3, 5, 7, 10, 12, 15, 17, 20, 22, 25, 27, 30, 35, 37, 40, 45, 50, 55, 58, 60, 62, 65, 67])
(486, [7, 10, 12, 15, 20, 22])
(487, [7, 10, 12, 15, 20, 25, 27, 30, 35, 37])
(488, [1, 3, 7, 10, 12, 15, 17, 20, 22, 25, 27, 30, 35, 40, 45, 50, 55, 57, 60, 65, 70, 72, 75, 80, 85, 90, 95, 100, 102, 105, 107, 110, 115, 120, 122, 125, 127])
(489, [7, 10, 12, 15, 20, 22, 25, 27, 30, 32, 35, 37, 40, 45, 50, 55, 60, 62, 65, 70, 75, 80, 85, 87])
(490, [7, 10, 12, 15, 20, 22, 25, 30, 35, 40, 45, 47, 50, 52, 55, 58, 60, 62, 65, 70, 75, 80, 85, 90, 95, 100, 105, 107])
(491, [7, 10, 12, 15, 17, 20, 25, 27, 30, 32, 35, 37, 40, 42, 45, 47, 50, 52, 55, 57, 60, 62])
(492, [7, 12, 15, 17, 20, 22])
(493, [4, 6])
(494, [7, 10, 12, 15, 20, 25, 30, 35, 40, 45, 50, 55, 60, 65, 67, 70, 72])
(495, [7, 10, 12, 15, 20, 25, 30, 35, 38, 40, 45, 47])
(496, [7, 12, 15, 17, 20, 22])
(497, [1, 3, 5, 7, 10, 12, 15, 17, 20, 25, 27, 30, 32, 35, 40, 45, 50, 55, 57, 60, 62, 65, 67, 70, 72, 75, 77, 80, 85, 87, 90, 95, 97, 100, 102, 105, 110, 112, 115, 117])
(498, [1, 3, 5, 7, 10, 12, 15, 20, 22, 25, 27, 30, 32, 35, 37, 40, 45, 50, 55, 60, 62, 65, 67])
(499, [1, 3, 5, 7, 10, 12, 15, 20, 25, 30, 32, 35, 40, 45, 50, 55, 57])
(500, [1, 3, 5, 7, 10, 12, 15, 20, 22, 25, 27, 30, 32, 35, 40, 45, 47, 50, 52, 55, 57, 60, 62, 65, 67, 70, 75, 80, 85, 90, 95, 98, 100, 105, 110, 115, 120, 122])
(501, [1, 3, 5, 7, 10, 12, 15, 20, 22, 25, 27, 30, 35, 40, 45, 50, 52])
(502, [4, 6])
(503, [1, 3, 5, 7, 10, 12, 15, 20, 22, 25, 27, 30, 35, 37, 40, 42, 45, 48, 50, 52, 55, 60, 65, 70, 75, 80, 85, 87, 90, 92, 95, 97, 100, 102, 105, 110, 113, 115, 117])
(504, [5, 7, 10, 12, 15, 17, 20, 22, 25, 27, 30, 32, 35, 40, 45, 50, 55, 60, 62, 65, 67, 70, 72, 75, 80, 82, 85, 87])
(505, [7, 10, 12, 15, 20, 25, 30, 32])
(506, [7, 10, 12, 15, 20, 25, 27, 30, 35, 40, 45, 50, 52])
(507, [1, 3, 5, 7, 10, 12, 15, 20, 22, 25, 27, 30, 35, 40, 45, 47, 50, 52, 55, 60, 65, 67])
(508, [7, 10, 12, 15, 20, 22, 25, 27, 30, 32, 35, 37, 40, 45, 50, 55, 60, 62])
(509, [7, 10, 12, 15, 20, 25, 30, 32, 35, 40, 45, 50, 55, 58, 60])
(510, [5, 7, 12, 15, 17, 20, 22, 25, 27, 30, 35, 37, 40, 45, 50, 55, 60, 65, 70, 75, 80, 82, 85, 87, 90, 95, 97])
(511, [4, 6])
(512, [5, 7, 10, 12, 15, 17, 20, 22, 25, 27, 30, 35, 40, 45, 50, 52])
(513, [5, 7, 12, 15, 20, 25, 30, 35, 37, 40, 45, 48, 50, 52, 55, 60, 65, 70, 75, 80, 85, 87, 90, 92, 95, 97])
(514, [7, 10, 12, 15, 17, 20, 25, 27, 30, 32, 35, 40, 45, 47, 50, 55, 57, 60, 65, 67, 70, 72])
(515, [5, 7, 10, 12, 15, 17, 20, 25, 30, 35, 37])
(516, [1, 3, 7, 10, 12, 15, 20, 25, 30, 35, 40, 45, 47, 50, 52, 55, 57, 60, 62, 65, 68, 70, 72, 75, 80, 85, 90, 92, 95, 100, 102, 105, 108, 110, 112])
(517, [7, 10, 12, 15, 20, 25, 30, 32, 35, 37, 40, 45, 50, 55, 60, 65, 67, 70, 72, 75, 77, 80, 85, 88, 90, 92, 95, 100, 102, 105, 107])
(518, [7, 10, 12, 15, 20, 25, 30, 35, 37])
(519, [1, 3, 7, 10, 12, 15, 20, 25, 30, 35, 40, 42, 45, 47, 50, 52])
(520, [4, 6])
(521, [1, 3, 7, 10, 12, 15, 17, 20, 22, 25, 30, 32, 35, 40, 45, 50, 52])
(522, [7, 10, 12, 15, 17, 20, 22, 25, 27, 30, 35, 40, 45, 50, 52])
(523, [5, 7, 10, 12, 20, 25, 27, 30, 35, 37, 40, 42, 45, 50, 52, 55, 57, 60, 65, 70, 75, 80, 82])
(524, [5, 7, 10, 12, 15, 17, 20, 25, 27, 30, 32, 35, 40, 45, 50, 55, 60, 62, 65, 70, 72, 75, 77, 80, 85, 90, 95, 97, 100, 102])
(525, [5, 7, 10, 12, 15, 20, 25, 30, 35, 37])
(526, [7, 10, 12, 15, 20, 25, 30, 35, 40, 42, 45, 50, 55, 57, 60, 62, 65, 68, 70, 72, 75, 80, 85, 90, 95, 100, 105, 107])
(527, [7, 10, 12, 15, 20, 25, 27, 30, 35, 40, 45, 48, 50, 52, 55, 57, 60, 62, 65, 68, 70, 73, 75, 80, 82, 85, 87, 90, 92, 95, 97, 100, 105, 107])
(528, [5, 7, 10, 12, 15, 20, 25, 30, 35, 40, 42, 45, 50, 52])
(529, [4, 6])
(530, [1, 3, 5, 7, 10, 12, 20, 25, 30, 35, 38, 40, 42, 45, 47, 50, 55, 60, 65, 70, 72, 75, 80, 85, 90, 95, 100, 105, 110, 115, 120, 123, 125, 127])
(531, [7, 15, 17, 20, 25, 30, 35, 38, 40, 45, 47])
(532, [5, 7, 12, 15, 17, 20, 22])
(533, [5, 7, 10, 12, 15, 17, 20, 22])
(534, [5, 7, 10, 12, 15, 17, 20, 25, 30, 35, 37])
(535, [7, 10, 12, 15, 20, 25, 27, 30, 32, 35, 40, 42])
(536, [1, 3, 5, 7, 10, 12, 15, 20, 22, 25, 30, 35, 40, 45, 50, 52, 55, 60, 65, 67])
(537, [5, 7, 10, 12, 15, 20, 25, 27, 30, 35, 40, 45, 50, 55, 60, 62, 65, 67, 70, 72, 75, 77])
(538, [4, 6])
(539, [5, 7, 10, 12, 15, 20, 25, 27])
(540, [5, 7, 10, 12, 15, 20, 25, 30, 35, 37, 40, 45, 47])
(541, [1, 7, 10, 12, 15, 17, 20, 22, 25, 30, 32, 35, 40, 42, 45, 50, 55, 57])
(542, [5, 7, 12, 15, 20, 25, 27, 30, 32])
(543, [1, 3, 5, 7, 10, 12, 15, 20, 25, 30, 32, 35, 40, 42, 45, 50, 55, 57])
(544, [7, 10, 12, 15, 17, 20, 22, 25, 30, 35, 40, 42, 45, 48, 50, 52, 55, 58, 60, 63, 65, 70, 72])
(545, [1, 3, 5, 7, 10, 12, 15, 17])
(546, [1, 3, 5, 7, 10, 12, 15, 20, 25, 27, 30, 35, 40, 45, 50, 55, 57])
(547, [4, 6])
(548, [7, 15, 20, 25, 30, 35, 40, 42, 45, 47, 50, 55, 60, 62])
(549, [7, 10, 12, 15, 17, 20, 25, 30, 35, 37])
(550, [5, 7, 10, 12, 15, 20, 25, 27, 30, 32, 35, 40, 42])
(551, [1, 3, 7, 10, 12, 15, 20, 25, 30, 32, 35, 40, 45, 47, 50, 55, 57])
(552, [7, 10, 12, 15, 20, 25, 30, 35, 40, 45, 47, 50, 52, 55, 60, 65, 70, 72, 75, 80, 82, 85, 87, 90])
(553, [1, 7, 10, 12, 15, 17, 20, 22, 25, 27, 30, 32, 35, 37, 40, 45, 50, 52, 55, 60, 62, 65, 70, 75, 80, 85, 88, 90, 95, 98, 100, 105, 110, 112])
(554, [5, 7, 10, 12, 15, 17, 20, 25, 27, 30, 32])
(555, [5, 7, 10, 12, 15, 20, 22, 25, 27, 30, 32, 35, 40, 45, 47, 50, 52])
(556, [4, 6])
(557, [7, 12, 15, 17, 20, 22, 25, 30, 32, 35, 37, 40, 43, 45, 50, 53, 55, 58, 60, 65, 67, 70, 72])
(558, [5, 7, 10, 12, 15, 17, 20, 25, 30, 35, 40, 42])
(559, [7, 10, 12, 15, 20, 25, 27, 30, 32, 35, 37, 40, 45, 50, 55, 60, 65, 67, 70, 75, 77, 80, 83, 85, 88, 90, 95, 98, 100, 102, 105, 107])
(560, [5, 7, 10, 12, 15, 17, 20, 22, 25, 30, 35, 40, 45, 47, 50, 52, 55, 57, 60, 65, 70, 75, 80, 82, 85, 87, 90, 92])
(561, [7, 15, 17, 20, 22])
(562, [7, 10, 12, 15, 20, 25, 30, 32, 35, 40, 45, 47])
(563, [5, 7, 10, 12, 15, 17, 20, 22, 25, 27, 30, 32, 35, 40, 42, 45, 47, 50, 52, 55, 60, 62, 65, 70, 72, 75, 77])
(564, [7, 10, 12, 15, 17, 20, 25, 27])
(565, [4, 6])
(566, [3, 7, 10, 12, 15, 20, 25, 30, 32, 35, 37, 40, 45, 50, 52, 55, 57])
(567, [1, 3, 7, 10, 12, 15, 17, 20, 22, 25, 27, 30, 35, 37, 40, 45, 50, 55, 60, 65, 70, 75, 77, 80, 85, 90, 95, 100, 105, 107, 110, 115, 117, 120, 125, 127])
(568, [7, 15, 17, 20, 25, 30, 32, 35, 40, 42, 45, 47, 50, 52])
(569, [7, 10, 12, 15, 17, 20, 25, 30, 32, 35, 37, 40, 42, 45, 50, 55, 60, 65, 70, 73, 75, 80, 85, 87])
(570, [1, 3, 7, 10, 12, 15, 17, 20, 25, 30, 35, 40, 45, 50, 55, 60, 62, 65, 70, 72, 75, 77, 80, 82, 85, 90, 95, 100, 102, 105, 110, 112])
(571, [7, 10, 12, 15, 20, 25, 27])
(572, [7, 10, 12, 15, 20, 25, 30, 35, 37, 40, 45, 47])
(573, [1, 3, 7, 10, 12, 15, 20, 25, 30, 35, 40, 45, 50, 52, 55, 57])
(574, [4, 6])
(575, [7, 10, 12, 15, 17, 20, 25, 30, 32])
(576, [7, 10, 12, 15, 20, 25, 30, 35, 40, 45, 47, 50, 52, 55, 60, 62, 65, 67])
(577, [7, 15, 20, 23, 25, 27, 30, 32, 35, 40, 45, 47, 50, 55, 57, 60, 62])
(578, [7, 10, 12, 15, 17, 20, 25])
(579, [1, 3, 7, 10, 12, 16, 20, 25, 30, 35, 37, 40, 42, 45, 50, 55, 57, 60, 62, 65, 70, 75, 80, 85, 90, 95, 97, 100, 102, 105, 108, 110, 112, 115, 120, 122, 125, 130, 135, 137])
(580, [7, 10, 12, 15, 20, 25, 30, 35, 40, 45, 50, 55, 60, 62, 65, 70, 75, 80, 85, 90, 92, 95, 97, 100, 102])
(581, [7, 15, 17, 20, 25, 30, 32])
(582, [7, 10, 12, 15, 20, 25, 30, 35, 40, 45, 47, 50, 52, 55, 60, 62])
(583, [4, 6])
(584, [4, 7, 10, 12, 15, 17, 20, 22, 25, 27, 30, 35, 38, 40, 42, 45, 47, 50, 55, 60, 65, 67, 70, 72, 75, 77])
(585, [7, 10, 12, 15, 17, 20, 25, 30, 35, 37])
(586, [7, 10, 12, 15, 20, 25, 30, 35, 40, 42, 45, 47, 50, 55, 60, 65, 68, 70, 75, 77])
(587, [7, 10, 12, 15, 17, 20, 25, 30, 32, 35, 37, 40, 45, 50, 55, 60, 65, 67, 70, 75, 80, 82, 85, 90, 92, 95, 97, 100, 102, 105, 107])
(588, [7, 10, 12, 15, 20, 25, 30, 35, 37, 40, 45, 47])
(589, [7, 10, 12, 15, 18, 20, 22, 25, 30, 35, 40, 45, 50, 55, 60, 65, 67])
(590, [7, 10, 12, 15, 17, 20, 22, 25, 27, 30, 32, 35, 40, 42, 45, 47, 50, 52, 55, 57, 60, 65, 70, 75, 80, 83, 85, 87, 90, 92])
(591, [7, 10, 12, 15, 17, 20, 22, 25, 27, 30, 35, 40, 45, 50, 52])
(592, [4, 6])
(593, [4, 7, 10, 12, 15, 17, 20, 25, 30, 35, 40, 45, 50, 55, 60, 65, 67])
(594, [7, 10, 12, 15, 20, 22, 25, 30, 35, 37, 40, 42, 45, 50, 55, 60, 65, 70, 72, 75, 80, 85, 90, 92])
(595, [7, 12, 15, 20, 22])
(596, [1, 3, 7, 10, 12, 15, 20, 25, 27, 30, 35, 40, 42])
(597, [7, 10, 12, 15, 20, 22, 25, 27, 30, 35, 37, 40, 42, 45, 47, 50, 52, 55, 57, 60, 62, 65, 67, 70, 75, 80, 85, 87])
(598, [7, 10, 12, 15, 20, 25, 27])
(599, [1, 3, 7, 10, 12, 20, 25, 30, 35, 40, 42])
(600, [7, 10, 12, 15, 20, 22, 25, 30, 35, 40, 45, 47, 50, 52, 55, 58, 60, 62])
(601, [4, 6])
(602, [7, 10, 12, 15, 20, 25, 30, 32, 35, 37, 40, 45, 50, 55, 60, 65, 70, 73, 75, 80, 82])
(603, [7, 15, 17, 20, 22, 25, 27, 30, 35, 37, 40, 45, 50, 52])
(604, [7, 10, 12, 15, 17, 20, 25, 27, 30, 35, 40, 42])
(605, [7, 10, 12, 15, 20, 25, 27, 30, 32, 35, 38, 40, 42, 45, 47])
(606, [7, 10, 12, 15, 20, 25, 27, 30, 32, 35, 40, 45, 50, 55, 60, 62])
(607, [7, 10, 12, 15, 17, 20, 22, 25, 30, 35, 37])
(608, [7, 10, 12, 15, 20, 25, 27, 30, 35, 40, 42, 45, 47, 50, 55, 57, 60, 62, 65, 67, 70, 75, 80, 85, 90, 95, 100, 103, 105, 107])
(609, [7, 10, 12, 15, 17, 20, 22, 25, 30, 35, 40, 45, 50, 52, 55, 57, 60, 62, 65, 67, 70, 75, 77, 80, 82, 85, 87])
(610, [4, 6])
(611, [7, 10, 12, 15, 17, 20, 22, 25, 30, 32, 35, 37])
(612, [7, 10, 12, 15, 20, 25, 30, 35, 40, 45, 50, 55, 60, 65, 70, 75, 80, 85, 88, 90])
(613, [7, 10, 12, 15, 20, 22, 25, 30, 35, 40, 45, 50, 52, 55, 60, 65, 67])
(614, [1, 7, 12, 15, 17])
(615, [7, 10, 12, 20, 25, 30, 35, 40, 45, 47])
(616, [1, 3, 7, 10, 12, 15, 17, 20, 25, 30, 35, 40, 42, 45, 50, 52, 55, 57])
(617, [7, 10, 12, 15, 20, 25, 30, 32])
(618, [7, 10, 12, 15, 20, 25, 30, 35, 40, 45, 47, 50, 55, 57, 60, 65])
(619, [4, 6])
(620, [7, 10, 12, 15, 20, 22, 25, 27, 30, 32, 35, 40, 45, 50, 52, 55, 57, 60, 62, 65, 70, 75, 80, 83, 85, 88, 90, 92, 95, 100, 102])
(621, [7, 10, 12, 15, 17, 21])
(622, [7, 10, 12, 15, 20, 25, 30, 35, 37, 40, 45, 50, 52, 55, 60, 62])
(623, [7, 10, 12, 15, 17, 20, 22, 25, 27, 30, 32, 35, 37, 40, 42, 45, 47, 50, 52, 55, 57, 60, 65, 70, 75, 78, 80, 82, 85, 87])
(624, [1, 3, 7, 12, 15])
(625, [7, 10, 12, 15, 20, 25, 30, 35, 40, 45, 50, 55, 60, 65, 70, 75, 80, 83, 85, 87, 90, 93, 95, 97, 100, 102])
(626, [7, 10, 12, 15, 20, 22, 25, 27, 30, 32, 35, 37, 40, 45, 47, 50, 52, 55, 57, 60, 62, 65, 67, 70, 75, 80, 85, 90, 95, 100, 102])
(627, [7, 10, 12, 15, 17, 20, 25, 30, 35, 40, 45, 50, 52])
(628, [4, 6])
(629, [1, 3, 5, 7, 12, 15, 20, 25, 30, 35, 37, 40, 42, 45, 50, 52, 55, 57, 60, 62, 65, 70, 75, 80, 85, 90, 93, 95, 100, 105, 110, 115, 120, 125, 128, 130, 132])
(630, [7, 10, 12, 15, 17, 20, 25, 30, 35, 37, 40, 45, 50, 55, 60, 62, 65, 67, 70, 75, 77, 80, 85, 87])
(631, [7, 10, 12, 15, 20, 22, 25, 27])
(632, [1, 3, 7, 10, 12, 20, 25, 30, 35, 40, 45, 50, 55, 60, 65, 67])
(633, [1, 3, 7, 12, 15, 18, 20, 25, 30, 32, 35, 40, 45, 50, 55, 60, 65, 67, 70, 72, 75, 77, 80, 82, 85, 90, 95, 100, 105, 108, 110, 112, 115, 120, 125, 130, 132, 135, 137])
(634, [1, 7, 10, 12, 15, 17])
(635, [7, 10, 12, 15, 20, 25, 30, 35, 40, 45, 47, 50, 52, 55, 58, 60, 65, 67])
(636, [7, 12, 15, 18, 20, 25, 30, 35, 37, 40, 42])
(637, [4, 6])
(638, [4, 7, 10, 12, 15, 20, 22])
(639, [7, 10, 12, 15, 20, 25, 30, 35, 37, 40, 42, 45, 50, 52, 55, 57, 60, 62, 65, 70, 72])
(640, [1, 7, 10, 12, 15, 20, 25, 30, 32, 35, 40, 43, 45, 50, 53, 55, 57])
(641, [7, 10, 12, 15, 20, 25, 27, 30, 35, 37])
(642, [7, 10, 12, 15, 20, 25, 30, 35, 40, 45, 47, 50, 52, 55, 60, 62])
(643, [7, 10, 12, 15, 17, 20, 22, 25, 27, 30, 32, 35, 40, 45, 50, 55, 60, 65, 67, 70, 75, 77, 80, 82])
(644, [7, 10, 12, 15, 20, 22, 25])
(645, [7, 10, 12, 15, 20, 25, 30, 35, 40, 45, 50, 55, 58, 60, 65, 70, 73, 75, 80, 82])
(646, [4, 6])
(647, [7, 12, 15, 17, 20, 22, 25, 27, 30, 32, 35, 40, 45, 50, 55, 60, 62, 65, 67, 70, 72, 75, 77, 80, 82, 85, 90, 92, 95, 97])
(648, [7, 10, 12, 15, 17, 20, 22, 25])
(649, [7, 10, 12, 15, 20, 25, 30, 35, 40, 45, 50, 55, 60, 62, 65, 70, 73, 75, 77, 80])
(650, [7, 10, 12, 15, 17, 20, 22, 25, 27, 30, 32, 35, 37, 40, 45, 50, 52, 55, 57, 60, 62, 65, 70, 75, 80, 82, 85, 87, 90, 92])
(651, [7, 10, 12, 15, 17, 20, 22, 25, 30, 32])
(652, [7, 10, 12, 15, 17, 20, 25, 30, 35, 40, 45, 47, 50, 52, 55, 60, 65, 70, 72, 75, 80, 82])
(653, [7, 10, 12, 15, 17, 20, 25, 30, 32, 35, 40, 42, 45, 47, 50, 55, 60, 63, 65, 67, 70, 72, 75, 77, 80, 85, 87])
(654, [7, 10, 12, 15, 20, 22, 25, 27, 30, 35, 40, 45, 47, 50])
(655, [4, 6])
(656, [7, 10, 12, 15, 17, 20, 22, 25, 30, 32])
(657, [7, 15, 17, 20, 22, 25, 30, 32, 35, 37, 40, 42, 45, 47, 50, 55, 57, 60, 62])
(658, [7, 10, 12, 15, 17, 20])
(659, [7, 10, 12, 15, 17, 20, 25, 30, 35, 40, 42, 45, 47])
(660, [1, 3, 7, 10, 12, 15, 20, 25, 27, 30, 35, 40, 45, 50, 52, 55, 57])
(661, [1, 3, 7, 10, 12, 15, 17])
(662, [1, 3, 7, 10, 12, 15, 20, 25, 30, 35, 40, 50, 52, 55, 57])
(663, [7, 15, 20, 25, 27, 30, 35, 40, 42, 45, 47])
(664, [4, 6])
(665, [7, 10, 12, 15, 17, 20, 25, 30, 35, 40, 45, 47, 50, 52, 55, 57, 60, 62])
(666, [1, 3, 7, 10, 12, 15, 20, 25, 30, 35, 37, 40, 42, 45, 48, 50, 52, 55, 60, 65, 70, 75, 80, 83, 85, 87, 90, 93, 95, 97, 100, 103, 105, 107, 110, 115, 117, 120, 125, 130, 135, 140, 145, 148, 150, 152])
(667, [5, 7, 10, 12, 15, 17, 20, 25, 30, 35, 40, 45, 47, 50, 55, 57, 60, 65, 67])
(668, [7, 10, 12, 15, 20, 22, 25, 27, 30])
(669, [7, 10, 12, 15, 20, 25, 30, 35, 40, 45, 50, 55, 60, 62, 65, 68, 70, 75, 80, 85, 87])
(670, [1, 3, 7, 15, 20, 23, 25, 28, 30, 35, 37, 40, 42])
(671, [7, 10, 12, 15, 17, 20, 25, 27])
(672, [7, 10, 12, 15, 20, 25, 30, 35, 40, 45, 50, 55, 58, 60, 65, 70, 72])
(673, [4, 6])
(674, [7, 15, 20, 22, 25, 27])
(675, [7, 10, 12, 15, 20, 22, 25])
(676, [7, 10, 12, 20, 25, 30, 35, 40, 42, 45, 50, 53, 55, 58, 60, 65, 70, 75, 80, 85, 87])
(677, [7, 10, 12, 15, 17, 20, 22, 25, 30, 32, 35, 37])
(678, [7, 10, 12, 15, 20, 25, 30, 35, 40, 45, 47])
(679, [7, 10, 12, 15, 20, 25, 30, 32, 35, 37, 40, 42, 45, 50, 52, 55, 57, 60, 62])
(680, [7, 10, 12, 15, 17, 20, 22, 25, 30, 32, 35, 40, 45, 50, 55, 57, 60, 62, 65, 67, 70, 72])
(681, [1, 3, 5, 7, 10, 12, 15, 17])
(682, [12, 15, 20, 23, 26, 28])
(683, [1, 3, 8, 12])
(684, [1, 6, 11, 14, 16, 21, 23, 28, 32, 35, 37, 39, 41, 44, 46, 48, 51, 56, 59, 63, 66, 70, 73, 75, 78, 80, 85, 87, 90, 95, 98, 101, 106, 108, 111, 115, 118, 121, 130, 133, 140, 142])
(685, [4, 6])
(686, [1, 3, 6])
(687, [1, 4, 6])
(688, [1, 6, 10, 12, 15, 18, 20, 23, 29, 31, 39, 44, 47, 50, 52])
(689, [4, 6])
