15 17[4, 9, 19, 24, 28, 33, 38, 42, 53, 54, 61, 64, 65, 67, 70, 75, 85, 100, 101, 108, 109, 114, 117, 121, 127, 128, 130, 135, 138, 139, 143, 151, 162, 165, 167, 179, 182, 186, 192, 195, 197, 198, 206, 207, 210, 215, 221, 240, 255, 258, 266, 275, 283, 285, 300, 305, 307, 317, 320, 329, 343, 347, 361, 368, 374, 383, 406, 410, 414, 419, 424, 437, 440, 443, 449, 463, 469, 472, 477, 479, 480, 482, 498, 513, 516, 519, 528, 530, 545, 579, 598, 599, 604, 608, 614, 615, 634, 654, 661, 665, 668, 676, 681]
17 18[300, 406, 469, 579, 604]
10 20[190, 242, 248, 274, 327, 334, 357, 387, 453, 567]
5 10[119, 135, 143, 288, 290, 293, 301, 325, 391, 393, 395, 438, 445, 447, 461, 464, 474, 548, 557, 593, 606, 613, 630, 650, 657, 667]
8 11[683]
2 5[117]
3 4[5, 14, 23, 157, 158, 159, 161, 162, 163, 164, 165, 166, 167, 168, 170, 171, 172, 173, 174, 175, 176, 177, 179, 180, 181, 182, 183, 184, 185, 186, 188, 189, 190, 191, 192, 193, 194, 195, 197, 198, 199, 200, 201, 202, 203, 204, 206, 207, 208, 209, 210, 211, 212, 213, 215, 216, 217, 218, 219, 220, 221, 222, 224, 225, 226, 227, 228, 229, 230, 231, 233, 234, 235, 236, 237, 238, 239, 240, 242, 243, 244, 245, 246, 247, 248, 249, 251, 252, 253, 254, 255, 256, 257, 258, 260, 261, 262, 263, 264, 265, 266, 267, 269, 270, 271, 272, 273, 274, 275, 276, 683, 689]
16 17[624]
10 13[173, 198, 225, 243, 246, 318, 355, 372, 411, 500, 503, 682, 688]
2 3[682, 688]
18 19[0, 1, 2, 3, 6, 7, 8, 10, 11, 12, 13, 15, 16, 17, 18, 20, 21, 25, 26, 27, 30, 31, 34, 35, 36, 37, 40, 44, 46, 47, 48, 49, 52, 55, 56, 60, 62, 63, 66, 69, 71, 72, 73, 74, 76, 78, 80, 81, 82, 84, 88, 92, 93, 94, 97, 98, 102, 103, 106, 107, 110, 111, 112, 115, 116, 119, 120, 122, 124, 126, 129, 131, 133, 136, 137, 140, 142, 145, 146, 147, 148, 152, 153, 155, 156, 183]
7 13[28, 33, 53, 61, 136, 157, 161, 177, 202, 206, 213, 217, 220, 227, 228, 230, 234, 262, 265, 269, 270, 272, 289, 292, 306, 319, 326, 329, 352, 360, 362, 373, 392, 396, 423, 428, 473, 479, 487, 499, 506, 517, 521, 533, 546, 602, 604, 607, 621, 634, 643, 654, 656, 662, 671, 675]
15 19[22, 29]
10 15[158, 162, 179, 182, 186, 193, 197, 203, 207, 221, 238, 245, 252, 255, 258, 263, 310, 314, 330, 337, 354, 368, 397, 437, 456, 460, 516, 530, 579, 629, 666]
6 10[183, 208, 216, 249]
1 3[0, 1, 2, 3, 4, 5, 6, 7, 8, 9, 10, 11, 12, 13, 14, 15, 16, 17, 18, 19, 20, 21, 22, 23, 24, 25, 26, 27, 28, 29, 30, 31, 32, 33, 34, 35, 36, 37, 38, 39, 40, 41, 42, 43, 44, 45, 46, 47, 48, 49, 50, 51, 52, 53, 54, 55, 56, 57, 58, 59, 60, 61, 62, 63, 64, 65, 66, 67, 68, 69, 70, 71, 72, 73, 74, 75, 76, 77, 78, 79, 80, 81, 82, 83, 84, 85, 86, 87, 88, 89, 90, 91, 92, 93, 94, 95, 96, 97, 98, 99, 100, 101, 102, 103, 104, 105, 106, 107, 108, 109, 110, 111, 112, 113, 114, 115, 116, 118, 119, 120, 121, 122, 123, 124, 125, 126, 127, 128, 129, 130, 131, 132, 133, 134, 135, 136, 137, 138, 139, 140, 141, 142, 143, 144, 145, 146, 147, 148, 149, 150, 151, 152, 153, 154, 155, 156, 157, 158, 159, 160, 161, 162, 163, 164, 165, 166, 167, 168, 169, 170, 171, 172, 173, 174, 175, 176, 177, 178, 179, 180, 181, 182, 183, 184, 185, 186, 187, 188, 189, 190, 191, 192, 193, 194, 195, 196, 197, 198, 199, 200, 201, 202, 203, 204, 205, 206, 207, 208, 209, 210, 211, 212, 213, 214, 215, 216, 217, 218, 219, 220, 221, 222, 223, 224, 225, 226, 227, 228, 229, 230, 231, 232, 233, 234, 235, 236, 237, 238, 239, 240, 241, 242, 243, 244, 245, 246, 247, 248, 249, 250, 251, 252, 253, 254, 255, 256, 257, 258, 259, 260, 261, 262, 263, 264, 265, 266, 267, 268, 269, 270, 271, 272, 273, 274, 275, 276, 277, 278, 279, 280, 281, 282, 283, 284, 285, 286, 287, 288, 289, 290, 291, 292, 293, 294, 295, 296, 297, 298, 299, 300, 301, 302, 303, 304, 305, 306, 307, 308, 309, 310, 311, 312, 313, 314, 315, 316, 317, 318, 319, 320, 321, 322, 323, 324, 325, 326, 327, 328, 329, 330, 331, 332, 333, 334, 335, 336, 337, 338, 339, 340, 341, 342, 343, 344, 345, 346, 347, 348, 349, 350, 351, 352, 353, 354, 355, 356, 357, 358, 359, 360, 361, 362, 363, 364, 365, 366, 367, 368, 369, 370, 371, 372, 373, 374, 375, 376, 377, 378, 379, 380, 381, 382, 383, 384, 385, 386, 387, 388, 389, 390, 391, 392, 393, 394, 395, 396, 397, 398, 399, 400, 401, 402, 403, 404, 405, 406, 407, 408, 409, 410, 411, 412, 413, 414, 415, 416, 417, 418, 419, 420, 421, 422, 423, 424, 425, 426, 427, 428, 429, 430, 431, 432, 433, 434, 435, 436, 437, 438, 439, 440, 441, 442, 443, 444, 445, 446, 447, 448, 449, 450, 451, 452, 453, 454, 455, 456, 457, 458, 459, 460, 461, 462, 463, 464, 465, 466, 467, 468, 469, 470, 471, 472, 473, 474, 475, 476, 477, 478, 479, 480, 481, 482, 483, 484, 485, 486, 487, 488, 489, 490, 491, 492, 493, 494, 495, 496, 497, 498, 499, 500, 501, 502, 503, 504, 505, 506, 507, 508, 509, 510, 511, 512, 513, 514, 515, 516, 517, 518, 519, 520, 521, 522, 523, 524, 525, 526, 527, 528, 529, 530, 531, 532, 533, 534, 535, 536, 537, 538, 539, 540, 541, 542, 543, 544, 545, 546, 547, 548, 549, 550, 551, 552, 553, 554, 555, 556, 557, 558, 559, 560, 561, 562, 563, 564, 565, 566, 567, 568, 569, 570, 571, 572, 573, 574, 575, 576, 577, 578, 579, 580, 581, 582, 583, 584, 585, 586, 587, 588, 589, 590, 591, 592, 593, 594, 595, 596, 597, 598, 599, 600, 601, 602, 603, 604, 605, 606, 607, 608, 609, 610, 611, 612, 613, 614, 615, 616, 617, 618, 619, 620, 621, 622, 623, 624, 625, 626, 627, 628, 629, 630, 631, 632, 633, 634, 635, 636, 637, 638, 639, 640, 641, 642, 643, 644, 645, 646, 647, 648, 649, 650, 651, 652, 653, 654, 655, 656, 657, 658, 659, 660, 661, 662, 663, 664, 665, 666, 667, 668, 669, 670, 671, 672, 673, 674, 675, 676, 677, 678, 679, 680, 681, 683, 684, 689]
6 8[682, 688]
7 9[10, 37, 49, 103, 127, 156]
16 19[39, 45, 87, 105, 134]
14 16[434]
6 20[229]
12 16[581]
19 20[0, 1, 2, 3, 4, 6, 7, 8, 9, 10, 11, 12, 13, 15, 16, 17, 18, 19, 20, 21, 22, 24, 25, 26, 27, 28, 29, 30, 31, 33, 34, 35, 36, 37, 38, 39, 40, 42, 44, 45, 46, 47, 48, 49, 52, 53, 54, 55, 56, 60, 61, 62, 63, 64, 65, 66, 67, 69, 70, 71, 72, 73, 74, 75, 76, 78, 80, 81, 82, 84, 85, 87, 88, 92, 93, 94, 97, 98, 100, 101, 102, 103, 105, 106, 107, 108, 109, 110, 111, 112, 114, 115, 116, 119, 120, 121, 122, 124, 126, 127, 128, 129, 130, 131, 133, 134, 135, 136, 137, 138, 139, 140, 142, 143, 145, 146, 147, 148, 151, 152, 153, 155, 156, 183, 198, 221, 320, 374]
3 5[0, 1, 2, 3, 4, 6, 7, 8, 9, 10, 11, 12, 13, 15, 16, 17, 18, 19, 20, 21, 22, 24, 25, 26, 27, 28, 29, 30, 31, 32, 33, 34, 35, 36, 37, 38, 39, 40, 41, 42, 43, 44, 45, 46, 47, 48, 49, 50, 51, 52, 53, 54, 55, 56, 57, 58, 60, 61, 62, 63, 64, 65, 66, 67, 69, 70, 71, 72, 73, 74, 75, 76, 78, 79, 80, 81, 82, 83, 84, 85, 87, 88, 89, 90, 91, 92, 93, 94, 96, 97, 98, 99, 100, 101, 102, 103, 105, 106, 107, 108, 109, 110, 111, 112, 114, 115, 116, 119, 120, 121, 122, 124, 125, 126, 127, 128, 129, 130, 131, 133, 134, 135, 136, 137, 138, 139, 140, 142, 143, 144, 145, 146, 147, 148, 149, 151, 152, 153, 154, 155, 156, 259, 268, 278, 279, 280, 281, 282, 283, 284, 285, 287, 288, 289, 290, 291, 292, 293, 294, 296, 297, 298, 299, 300, 301, 302, 303, 305, 306, 307, 308, 309, 310, 311, 312, 314, 315, 316, 317, 318, 319, 320, 321, 323, 324, 325, 326, 327, 328, 329, 330, 332, 333, 334, 335, 336, 337, 338, 339, 341, 342, 343, 344, 345, 346, 347, 348, 350, 351, 352, 353, 354, 355, 356, 357, 359, 360, 361, 362, 363, 364, 365, 366, 368, 369, 370, 371, 372, 373, 374, 375, 377, 378, 379, 380, 381, 382, 383, 384, 386, 387, 388, 389, 390, 391, 392, 393, 395, 396, 397, 398, 399, 400, 401, 402, 404, 405, 406, 407, 408, 409, 410, 411, 413, 414, 415, 416, 417, 418, 419, 420, 422, 423, 424, 425, 426, 427, 428, 429, 431, 432, 433, 434, 435, 436, 437, 438, 440, 441, 442, 443, 444, 445, 446, 447, 449, 450, 451, 452, 453, 454, 455, 456, 458, 459, 460, 461, 462, 463, 464, 465, 467, 468, 469, 470, 471, 472, 473, 474, 476, 477, 478, 479, 480, 481, 482, 483, 485, 486, 487, 488, 489, 490, 491, 492, 494, 495, 496, 497, 498, 499, 500, 501, 503, 504, 505, 506, 507, 508, 509, 510, 512, 513, 514, 515, 516, 517, 518, 519, 521, 522, 523, 524, 525, 526, 527, 528, 530, 531, 532, 533, 534, 535, 536, 537, 539, 540, 541, 542, 543, 544, 545, 546, 548, 549, 550, 551, 552, 553, 554, 555, 557, 558, 559, 560, 561, 562, 563, 564, 566, 567, 568, 570, 571, 572, 573, 575, 578, 579, 581, 585, 587, 588, 589, 590, 591, 593, 594, 595, 596, 597, 598, 599, 600, 602, 603, 604, 605, 606, 607, 608, 609, 611, 612, 613, 614, 615, 616, 617, 618, 620, 621, 622, 623, 624, 625, 626, 627, 629, 630, 631, 632, 633, 634, 635, 636, 638, 639, 640, 641, 642, 643, 644, 645, 647, 648, 649, 650, 651, 652, 653, 654, 656, 657, 658, 659, 660, 661, 662, 663, 665, 666, 667, 668, 669, 670, 671, 672, 674, 675, 676, 677, 678, 679, 680, 681, 684]
3 15[576, 586]
7 8[117, 158, 162, 163, 173, 179, 180, 182, 186, 188, 190, 191, 193, 197, 198, 203, 204, 207, 209, 212, 221, 222, 225, 235, 236, 238, 239, 242, 243, 245, 246, 248, 252, 255, 256, 258, 261, 263, 274, 294, 298, 308, 310, 311, 314, 318, 327, 330, 334, 335, 337, 338, 341, 354, 355, 357, 368, 372, 387, 397, 407, 408, 411, 422, 434, 437, 453, 454, 456, 460, 488, 497, 500, 503, 516, 530, 553, 567, 570, 579, 629, 633, 666, 683]
7 12[4, 9, 12, 19, 24, 25, 43, 51, 54, 57, 65, 69, 70, 75, 91, 96, 99, 100, 128, 154]
12 20[467, 593]
5 13[281, 309, 315, 316, 321, 328, 342, 344, 356, 359, 369, 375, 379, 384, 388, 398, 405, 415, 451, 481, 485, 504, 509, 510, 537, 600, 609, 635, 653, 665]
15 16[39, 45, 56, 78, 87, 105, 115, 118, 134, 166, 173, 201, 219, 226, 243, 246, 253, 281, 315, 318, 321, 328, 342, 352, 355, 359, 362, 369, 372, 375, 379, 384, 388, 398, 405, 415, 428, 451, 481, 485, 492, 500, 504, 510, 517, 521, 537, 600, 609, 624, 643, 670, 683, 688]
10 12[1, 6, 8, 10, 11, 13, 16, 17, 18, 22, 26, 29, 30, 34, 36, 37, 39, 40, 42, 45, 46, 48, 52, 56, 58, 60, 62, 63, 64, 66, 67, 71, 72, 73, 76, 78, 79, 80, 81, 87, 90, 92, 94, 101, 102, 103, 105, 106, 107, 108, 109, 110, 111, 112, 114, 115, 116, 117, 119, 122, 125, 127, 129, 131, 133, 134, 135, 140, 142, 143, 144, 146, 148, 155, 156, 159, 170, 180, 183, 184, 188, 199, 204, 208, 212, 216, 222, 233, 239, 249, 260, 261, 271, 278, 284, 288, 290, 293, 298, 301, 305, 311, 325, 335, 338, 341, 343, 345, 366, 381, 386, 391, 393, 395, 401, 416, 418, 429, 432, 438, 444, 445, 447, 449, 452, 461, 462, 464, 465, 467, 472, 474, 492, 495, 496, 505, 515, 518, 525, 527, 531, 532, 534, 539, 541, 542, 545, 548, 549, 551, 553, 554, 557, 559, 561, 562, 564, 566, 568, 569, 571, 573, 577, 581, 585, 587, 593, 595, 603, 606, 613, 614, 616, 624, 627, 630, 631, 633, 636, 640, 650, 652, 657, 659, 660, 663, 667, 670, 674, 677, 678]
5 7[0, 1, 2, 3, 4, 6, 7, 8, 9, 10, 11, 12, 13, 15, 16, 17, 18, 19, 20, 21, 22, 24, 25, 26, 27, 28, 29, 30, 31, 33, 34, 35, 36, 37, 38, 39, 40, 42, 43, 44, 45, 46, 47, 48, 49, 51, 52, 53, 54, 55, 56, 57, 58, 60, 61, 62, 63, 64, 65, 66, 67, 69, 70, 71, 72, 73, 74, 75, 76, 78, 79, 80, 81, 82, 83, 84, 85, 87, 88, 89, 90, 91, 92, 93, 94, 96, 97, 98, 99, 100, 101, 102, 103, 105, 106, 107, 108, 109, 110, 111, 112, 114, 115, 116, 117, 122, 125, 126, 127, 128, 129, 131, 133, 134, 136, 137, 138, 140, 142, 144, 145, 146, 148, 152, 154, 155, 156, 278, 279, 282, 284, 285, 289, 291, 292, 294, 296, 298, 302, 305, 306, 307, 308, 310, 311, 312, 314, 318, 319, 320, 323, 326, 327, 329, 330, 333, 334, 335, 337, 338, 339, 341, 343, 345, 346, 352, 353, 354, 355, 357, 360, 361, 362, 363, 366, 368, 371, 372, 373, 377, 381, 382, 386, 387, 389, 392, 396, 397, 399, 401, 402, 406, 407, 408, 411, 413, 416, 418, 419, 422, 423, 426, 428, 429, 432, 433, 434, 435, 437, 440, 443, 444, 446, 449, 452, 453, 454, 456, 460, 462, 465, 467, 469, 472, 473, 476, 477, 479, 482, 486, 487, 488, 490, 492, 495, 496, 497, 499, 500, 501, 503, 505, 506, 512, 515, 516, 517, 518, 519, 521, 522, 523, 525, 526, 527, 528, 530, 531, 532, 533, 534, 535, 539, 540, 541, 542, 543, 545, 546, 549, 550, 551, 553, 554, 555, 558, 559, 561, 562, 564, 566, 567, 568, 570, 571, 572, 573, 575, 578, 579, 581, 585, 587, 588, 591, 595, 596, 598, 599, 602, 603, 604, 605, 607, 608, 611, 614, 615, 616, 617, 621, 624, 627, 629, 631, 633, 634, 636, 638, 640, 641, 643, 644, 645, 648, 649, 651, 652, 654, 656, 658, 659, 660, 661, 662, 663, 666, 668, 670, 671, 674, 675, 677, 678, 681]
15 18[0, 1, 2, 3, 6, 7, 8, 10, 11, 12, 13, 15, 16, 17, 18, 20, 21, 25, 26, 27, 30, 31, 34, 35, 36, 37, 40, 43, 44, 46, 47, 48, 49, 51, 52, 55, 57, 58, 60, 62, 63, 66, 69, 71, 72, 73, 74, 76, 79, 80, 81, 82, 83, 84, 88, 89, 90, 91, 92, 93, 94, 96, 97, 98, 99, 102, 103, 106, 107, 110, 111, 112, 116, 119, 120, 122, 124, 125, 126, 129, 131, 133, 136, 137, 140, 142, 144, 145, 146, 147, 148, 149, 152, 153, 154, 155, 156, 157, 158, 159, 161, 164, 168, 170, 171, 172, 174, 175, 176, 177, 180, 181, 183, 184, 185, 188, 189, 193, 199, 200, 202, 203, 204, 208, 212, 213, 216, 217, 218, 220, 222, 224, 225, 227, 228, 230, 231, 233, 234, 237, 238, 239, 244, 245, 247, 249, 251, 252, 254, 257, 260, 261, 262, 263, 264, 265, 269, 270, 271, 272, 273, 278, 279, 280, 284, 287, 288, 289, 290, 291, 292, 293, 296, 297, 298, 299, 301, 302, 306, 309, 310, 311, 312, 314, 316, 319, 324, 325, 326, 330, 333, 335, 337, 338, 339, 341, 344, 345, 346, 350, 351, 353, 354, 356, 360, 364, 365, 366, 371, 373, 377, 378, 381, 382, 386, 389, 390, 391, 392, 393, 395, 396, 397, 399, 401, 402, 404, 409, 411, 413, 416, 418, 420, 423, 427, 429, 431, 432, 433, 436, 438, 441, 444, 445, 446, 447, 450, 452, 455, 456, 459, 460, 461, 462, 464, 465, 470, 473, 474, 486, 487, 489, 490, 494, 495, 496, 499, 501, 503, 505, 506, 508, 509, 512, 515, 518, 525, 526, 527, 531, 532, 533, 534, 536, 539, 540, 541, 542, 543, 544, 546, 548, 549, 550, 551, 552, 553, 554, 555, 557, 558, 559, 561, 562, 564, 566, 568, 569, 571, 572, 573, 575, 576, 577, 578, 582, 585, 586, 587, 589, 591, 595, 596, 602, 603, 606, 607, 611, 612, 613, 616, 618, 621, 622, 625, 627, 629, 630, 631, 633, 635, 636, 638, 639, 640, 641, 644, 645, 648, 649, 650, 651, 652, 653, 656, 657, 658, 659, 660, 662, 663, 666, 667, 669, 671, 672, 674, 675, 677, 678, 679, 682]
5 12[121, 130, 139, 149, 151]
9 15[49]
3 16[580, 584]
9 12[118, 684]
16 20[118]
12 14[1, 4, 8, 9, 12, 19, 22, 24, 25, 29, 39, 43, 51, 54, 57, 62, 65, 69, 70, 72, 75, 80, 91, 96, 99, 100, 101, 102, 105, 108, 109, 114, 117, 118, 121, 128, 130, 131, 135, 139, 143, 146, 149, 151, 154, 683, 684]
10 14[434]
18 20[43, 51, 57, 58, 79, 83, 89, 90, 91, 96, 99, 125, 144, 149, 154, 157, 158, 159, 161, 163, 164, 166, 168, 170, 171, 172, 173, 174, 175, 176, 177, 180, 181, 184, 185, 188, 189, 191, 193, 194, 199, 200, 201, 202, 203, 204, 208, 209, 211, 212, 213, 216, 217, 218, 219, 220, 222, 224, 225, 226, 227, 228, 230, 231, 233, 234, 235, 236, 237, 238, 239, 243, 244, 245, 246, 247, 249, 251, 252, 253, 254, 256, 257, 260, 261, 262, 263, 264, 265, 267, 269, 270, 271, 272, 273, 278, 279, 280, 281, 284, 287, 288, 289, 290, 291, 292, 293, 294, 296, 297, 298, 299, 300, 301, 302, 303, 306, 308, 309, 310, 311, 312, 314, 315, 316, 318, 319, 321, 324, 325, 326, 328, 330, 332, 333, 335, 337, 338, 339, 341, 342, 344, 345, 346, 350, 351, 352, 353, 354, 355, 356, 359, 360, 362, 364, 365, 366, 369, 371, 372, 373, 375, 377, 378, 379, 381, 382, 384, 386, 388, 389, 390, 391, 392, 393, 395, 396, 397, 398, 399, 401, 402, 404, 405, 406, 407, 408, 409, 411, 413, 415, 416, 418, 420, 422, 423, 425, 427, 428, 429, 431, 432, 433, 434, 435, 436, 438, 441, 442, 444, 445, 446, 447, 450, 451, 452, 454, 455, 456, 458, 459, 460, 461, 462, 464, 465, 468, 469, 470, 471, 473, 474, 478, 481, 483, 485, 486, 487, 488, 489, 490, 491, 492, 494, 495, 496, 497, 499, 500, 501, 503, 504, 505, 506, 507, 508, 509, 510, 512, 514, 515, 517, 518, 521, 522, 524, 525, 526, 527, 531, 532, 533, 534, 536, 537, 539, 540, 541, 542, 543, 544, 546, 548, 549, 550, 551, 552, 553, 554, 555, 557, 558, 559, 560, 561, 562, 564, 566, 568, 569, 570, 571, 572, 573, 575, 576, 577, 578, 579, 580, 581, 582, 584, 585, 586, 587, 589, 591, 594, 595, 596, 597, 600, 602, 603, 604, 606, 607, 609, 611, 612, 613, 616, 617, 618, 620, 621, 622, 625, 627, 629, 630, 631, 633, 635, 636, 638, 639, 640, 641, 642, 643, 644, 645, 647, 648, 649, 650, 651, 652, 653, 656, 657, 658, 659, 660, 662, 663, 666, 667, 669, 670, 671, 672, 674, 675, 677, 678, 679, 680, 682, 688]
17 19[4, 9, 19, 24, 28, 33, 38, 42, 53, 54, 61, 64, 65, 67, 70, 75, 85, 100, 101, 108, 109, 114, 121, 127, 128, 130, 135, 138, 139, 143, 151, 198, 221, 320, 374]
6 9[118, 684]
3 10[569, 577]
3 6[59, 68, 77, 86, 95, 104, 113, 118, 123, 132, 141, 150, 160, 169, 178, 187, 196, 205, 214, 223, 232, 241, 250, 277, 286, 295, 304, 313, 322, 331, 340, 349, 358, 367, 376, 385, 394, 403, 412, 421, 430, 439, 448, 457, 466, 475, 484, 493, 502, 511, 520, 529, 538, 547, 556, 565, 574, 583, 592, 601, 610, 619, 628, 637, 646, 655, 664, 673, 682, 688]
1 4[685]
5 16[303, 332, 425, 442, 458, 468, 471, 478, 483, 491, 507, 514, 524, 560, 594, 597, 620, 642, 647, 680]
10 16[163, 191, 209, 235, 236, 256, 294, 308, 407, 408, 422, 454, 488, 497, 570]
4 6[5, 14, 23, 164, 165, 166, 168, 172, 175, 176, 183, 189, 192, 194, 195, 200, 201, 208, 210, 211, 215, 216, 219, 224, 226, 229, 237, 240, 244, 247, 249, 251, 253, 254, 257, 266, 267, 273, 685, 686, 687, 689]
12 13[67, 78, 127, 148, 492, 496, 624, 670]
8 10[117, 158, 162, 163, 173, 179, 180, 182, 186, 188, 190, 191, 193, 197, 198, 203, 204, 207, 209, 212, 221, 222, 225, 235, 236, 238, 239, 242, 243, 245, 246, 248, 252, 255, 256, 258, 261, 263, 274, 294, 298, 308, 310, 311, 314, 318, 327, 330, 334, 335, 337, 338, 341, 354, 355, 357, 368, 372, 387, 397, 407, 408, 411, 422, 434, 437, 453, 454, 456, 460, 488, 497, 500, 503, 516, 530, 553, 567, 570, 579, 629, 633, 666, 682, 688]
7 10[1, 6, 8, 11, 13, 16, 17, 18, 22, 26, 29, 30, 34, 36, 39, 40, 42, 45, 46, 48, 52, 56, 58, 60, 62, 63, 64, 66, 67, 71, 72, 73, 76, 78, 79, 80, 81, 87, 90, 92, 94, 101, 102, 105, 106, 107, 108, 109, 110, 111, 112, 114, 115, 116, 122, 125, 129, 131, 133, 134, 140, 142, 144, 146, 148, 155, 159, 170, 184, 199, 233, 260, 271, 278, 284, 305, 343, 345, 366, 381, 386, 401, 416, 418, 429, 432, 444, 449, 452, 462, 465, 467, 472, 492, 495, 496, 505, 515, 518, 525, 527, 531, 532, 534, 539, 541, 542, 545, 549, 551, 554, 559, 561, 562, 564, 566, 568, 571, 573, 581, 585, 587, 595, 603, 614, 616, 624, 627, 631, 636, 640, 652, 659, 660, 663, 670, 674, 677, 678]
6 15[165, 168, 172, 175, 176, 192, 195, 200, 210, 215, 237, 240, 257, 266, 273]
2 4[686, 687]
5 20[336, 348, 370, 380, 400, 417, 563, 590, 623, 626, 632]
7 16[435, 522, 617]
16 18[56, 78, 115, 163, 166, 173, 191, 194, 201, 209, 211, 219, 226, 235, 236, 243, 246, 253, 256, 267, 281, 294, 303, 308, 315, 318, 321, 328, 332, 342, 352, 355, 359, 362, 369, 372, 375, 379, 384, 388, 398, 405, 407, 408, 415, 422, 425, 428, 434, 435, 442, 451, 454, 458, 468, 471, 478, 481, 483, 485, 488, 491, 492, 497, 500, 504, 507, 510, 514, 517, 521, 522, 524, 537, 560, 570, 580, 581, 584, 594, 597, 600, 609, 617, 620, 642, 643, 647, 670, 680, 688]
14 15[1, 4, 8, 9, 12, 19, 22, 24, 25, 29, 39, 43, 51, 54, 57, 62, 65, 69, 70, 72, 75, 80, 91, 96, 99, 100, 101, 102, 105, 108, 109, 114, 117, 118, 121, 128, 130, 131, 135, 139, 143, 146, 149, 151, 154, 683]
4 7[157, 158, 159, 161, 162, 163, 167, 170, 171, 173, 174, 177, 179, 180, 181, 182, 184, 185, 186, 188, 190, 191, 193, 197, 198, 199, 202, 203, 204, 206, 207, 209, 212, 213, 217, 218, 220, 221, 222, 225, 227, 228, 230, 231, 233, 234, 235, 236, 238, 239, 242, 243, 245, 246, 248, 252, 255, 256, 258, 260, 261, 262, 263, 264, 265, 269, 270, 271, 272, 274, 275, 276, 683]
6 13[164, 166, 189, 201, 219, 224, 226, 244, 247, 251, 253, 254]
17 20[117, 162, 165, 167, 179, 182, 186, 192, 195, 197, 206, 207, 210, 215, 240, 255, 258, 266, 283, 285, 305, 307, 317, 329, 347, 361, 368, 383, 410, 414, 419, 424, 437, 443, 463, 477, 479, 480, 498, 513, 516, 519, 528, 530, 598, 599, 608, 615, 654, 665, 668, 676, 684]
7 20[276, 282, 323, 363, 426, 476, 523, 535, 588, 605]
5 15[120, 124, 147, 153, 280, 283, 287, 297, 299, 300, 317, 324, 347, 350, 351, 364, 365, 374, 378, 383, 390, 404, 409, 410, 414, 420, 424, 427, 431, 436, 441, 450, 455, 459, 463, 470, 480, 489, 494, 498, 508, 513, 536, 544, 552, 589, 612, 618, 622, 625, 639, 669, 672, 676, 679]
12 15[6, 10, 11, 13, 16, 17, 18, 26, 30, 34, 36, 37, 40, 42, 45, 46, 48, 52, 56, 58, 60, 63, 64, 66, 71, 73, 76, 79, 81, 87, 90, 92, 94, 103, 106, 107, 110, 111, 112, 115, 116, 119, 122, 125, 129, 133, 134, 140, 142, 144, 155, 156, 159, 170, 180, 183, 184, 188, 199, 204, 208, 212, 216, 222, 233, 239, 249, 260, 261, 271, 278, 284, 288, 290, 293, 298, 301, 305, 311, 325, 335, 338, 341, 343, 345, 366, 381, 386, 391, 393, 395, 401, 416, 418, 429, 432, 438, 444, 445, 447, 449, 452, 461, 462, 464, 465, 472, 474, 495, 505, 515, 518, 525, 527, 531, 532, 534, 539, 541, 542, 545, 548, 549, 551, 553, 554, 557, 559, 561, 562, 564, 566, 568, 569, 571, 573, 577, 585, 587, 595, 603, 606, 613, 614, 616, 627, 630, 631, 633, 636, 640, 650, 652, 657, 659, 660, 663, 667, 674, 677, 678]
0 1[0, 1, 2, 3, 4, 5, 6, 7, 8, 9, 10, 11, 12, 13, 14, 15, 16, 17, 18, 19, 20, 21, 22, 23, 24, 25, 26, 27, 28, 29, 30, 31, 32, 33, 34, 35, 36, 37, 38, 39, 40, 41, 42, 43, 44, 45, 46, 47, 48, 49, 50, 51, 52, 53, 54, 55, 56, 57, 58, 59, 60, 61, 62, 63, 64, 65, 66, 67, 68, 69, 70, 71, 72, 73, 74, 75, 76, 77, 78, 79, 80, 81, 82, 83, 84, 85, 86, 87, 88, 89, 90, 91, 92, 93, 94, 95, 96, 97, 98, 99, 100, 101, 102, 103, 104, 105, 106, 107, 108, 109, 110, 111, 112, 113, 114, 115, 116, 117, 118, 119, 120, 121, 122, 123, 124, 125, 126, 127, 128, 129, 130, 131, 132, 133, 134, 135, 136, 137, 138, 139, 140, 141, 142, 143, 144, 145, 146, 147, 148, 149, 150, 151, 152, 153, 154, 155, 156, 157, 158, 159, 160, 161, 162, 163, 164, 165, 166, 167, 168, 169, 170, 171, 172, 173, 174, 175, 176, 177, 178, 179, 180, 181, 182, 183, 184, 185, 186, 187, 188, 189, 190, 191, 192, 193, 194, 195, 196, 197, 198, 199, 200, 201, 202, 203, 204, 205, 206, 207, 208, 209, 210, 211, 212, 213, 214, 215, 216, 217, 218, 219, 220, 221, 222, 223, 224, 225, 226, 227, 228, 229, 230, 231, 232, 233, 234, 235, 236, 237, 238, 239, 240, 241, 242, 243, 244, 245, 246, 247, 248, 249, 250, 251, 252, 253, 254, 255, 256, 257, 258, 259, 260, 261, 262, 263, 264, 265, 266, 267, 268, 269, 270, 271, 272, 273, 274, 275, 276, 277, 278, 279, 280, 281, 282, 283, 284, 285, 286, 287, 288, 289, 290, 291, 292, 293, 294, 295, 296, 297, 298, 299, 300, 301, 302, 303, 304, 305, 306, 307, 308, 309, 310, 311, 312, 313, 314, 315, 316, 317, 318, 319, 320, 321, 322, 323, 324, 325, 326, 327, 328, 329, 330, 331, 332, 333, 334, 335, 336, 337, 338, 339, 340, 341, 342, 343, 344, 345, 346, 347, 348, 349, 350, 351, 352, 353, 354, 355, 356, 357, 358, 359, 360, 361, 362, 363, 364, 365, 366, 367, 368, 369, 370, 371, 372, 373, 374, 375, 376, 377, 378, 379, 380, 381, 382, 383, 384, 385, 386, 387, 388, 389, 390, 391, 392, 393, 394, 395, 396, 397, 398, 399, 400, 401, 402, 403, 404, 405, 406, 407, 408, 409, 410, 411, 412, 413, 414, 415, 416, 417, 418, 419, 420, 421, 422, 423, 424, 425, 426, 427, 428, 429, 430, 431, 432, 433, 434, 435, 436, 437, 438, 439, 440, 441, 442, 443, 444, 445, 446, 447, 448, 449, 450, 451, 452, 453, 454, 455, 456, 457, 458, 459, 460, 461, 462, 463, 464, 465, 466, 467, 468, 469, 470, 471, 472, 473, 474, 475, 476, 477, 478, 479, 480, 481, 482, 483, 484, 485, 486, 487, 488, 489, 490, 491, 492, 493, 494, 495, 496, 497, 498, 499, 500, 501, 502, 503, 504, 505, 506, 507, 508, 509, 510, 511, 512, 513, 514, 515, 516, 517, 518, 519, 520, 521, 522, 523, 524, 525, 526, 527, 528, 529, 530, 531, 532, 533, 534, 535, 536, 537, 538, 539, 540, 541, 542, 543, 544, 545, 546, 547, 548, 549, 550, 551, 552, 553, 554, 555, 556, 557, 558, 559, 560, 561, 562, 563, 564, 565, 566, 567, 568, 569, 570, 571, 572, 573, 574, 575, 576, 577, 578, 579, 580, 581, 582, 583, 584, 585, 586, 587, 588, 589, 590, 591, 592, 593, 594, 595, 596, 597, 598, 599, 600, 601, 602, 603, 604, 605, 606, 607, 608, 609, 610, 611, 612, 613, 614, 615, 616, 617, 618, 619, 620, 621, 622, 623, 624, 625, 626, 627, 628, 629, 630, 631, 632, 633, 634, 635, 636, 637, 638, 639, 640, 641, 642, 643, 644, 645, 646, 647, 648, 649, 650, 651, 652, 653, 654, 655, 656, 657, 658, 659, 660, 661, 662, 663, 664, 665, 666, 667, 668, 669, 670, 671, 672, 673, 674, 675, 676, 677, 678, 679, 680, 681, 682, 683, 684, 685, 686, 687, 688, 689]
5 6[32, 41, 50, 259, 268, 684]
6 16[194, 211, 267]
3 13[582]
1 2[117, 682, 686, 687, 688]
7 15[0, 2, 3, 7, 15, 20, 21, 27, 31, 35, 38, 44, 47, 55, 74, 82, 83, 84, 85, 88, 89, 93, 97, 98, 126, 137, 138, 145, 152, 167, 171, 174, 181, 185, 218, 231, 264, 275, 279, 285, 291, 296, 302, 307, 312, 320, 333, 339, 346, 353, 361, 371, 377, 382, 389, 399, 402, 406, 413, 419, 433, 440, 443, 446, 469, 477, 482, 486, 490, 501, 512, 519, 526, 528, 540, 543, 550, 555, 558, 572, 575, 578, 591, 596, 598, 599, 608, 611, 615, 638, 641, 644, 645, 648, 649, 651, 658, 661, 668, 681]
9 10[10, 37, 103, 127, 156]
13 15[28, 33, 53, 61, 67, 78, 127, 136, 148, 157, 161, 164, 166, 173, 177, 189, 198, 201, 202, 206, 213, 217, 219, 220, 224, 225, 226, 227, 228, 230, 234, 243, 244, 246, 247, 251, 253, 254, 262, 265, 269, 270, 272, 281, 289, 292, 306, 309, 315, 316, 318, 319, 321, 326, 328, 329, 342, 344, 352, 355, 356, 359, 360, 362, 369, 372, 373, 375, 379, 384, 388, 392, 396, 398, 405, 411, 415, 423, 428, 451, 473, 479, 481, 485, 487, 492, 496, 499, 500, 503, 504, 506, 509, 510, 517, 521, 533, 537, 546, 582, 600, 602, 604, 607, 609, 621, 624, 634, 635, 643, 653, 654, 656, 662, 665, 670, 671, 675, 682, 688]
14 17[684]
11 12[683]
