31 39 [18, 94, 128, 156, 688]
103 111 [81]
45 47 [67, 92, 134, 137, 157, 166, 174, 175, 180, 183, 186, 188, 194, 197, 202, 203, 204, 210, 213, 215, 222, 225, 226, 229, 233, 236, 239, 255, 261, 269, 271, 278, 281, 283, 288, 289, 300, 307, 317, 318, 325, 335, 338, 341, 342, 344, 345, 357, 362, 368, 373, 378, 380, 381, 384, 388, 395, 396, 400, 405, 414, 415, 417, 418, 428, 429, 437, 438, 445, 447, 460, 468, 478, 479, 490, 491, 495, 500, 507, 514, 516, 519, 530, 531, 540, 548, 551, 552, 555, 560, 562, 563, 568, 572, 576, 577, 582, 584, 586, 588, 590, 597, 600, 605, 608, 615, 618, 623, 626, 635, 642, 652, 653, 654, 657, 659, 663, 665, 667, 678]
47 55 [18, 42, 98, 148, 152]
198 200 [182, 255, 258]
14 16 [684]
159 167 [112]
115 118 [162, 221, 236, 243, 274, 368, 387, 434, 684]
215 217 [258]
165 170 [179, 193, 197, 207, 209, 245, 252]
185 190 [182, 197, 209, 245, 252]
7 9 [10, 18, 30, 38, 66, 74, 78, 98, 102, 105, 106, 125, 126, 136, 138]
143 145 [190, 248]
127 132 [81, 97, 103, 112, 126, 136]
34 39 [144, 145]
27 29 [45]
40 44 [38]
80 82 [159, 166, 168, 180, 181, 182, 185, 200, 201, 206, 209, 219, 221, 222, 225, 226, 233, 235, 243, 252, 253, 255, 261, 262, 270, 274, 288, 294, 298, 308, 327, 328, 332, 357, 361, 362, 372, 388, 408, 425, 432, 447, 454, 458, 470, 477, 504, 510, 523, 527, 552, 560, 570, 587, 602, 609, 623, 633, 643, 645, 647, 650, 652]
23 27 [45, 54, 60, 71, 119, 155]
130 135 [162, 180, 182, 188, 197, 204, 207, 221, 235, 236, 245, 246, 248, 252, 255, 258, 263, 308, 310, 337, 341, 368, 460, 579, 666]
15 25 [300, 409]
72 75 [158, 159, 163, 166, 180, 193, 195, 197, 204, 207, 209, 212, 222, 239, 242, 243, 246, 248, 252, 284, 288, 294, 298, 308, 309, 314, 321, 327, 328, 330, 332, 335, 355, 359, 362, 365, 369, 372, 379, 395, 398, 408, 425, 427, 435, 445, 451, 453, 454, 458, 488, 497, 504, 516, 517, 524, 526, 530, 537, 552, 563, 570, 584, 594, 633, 647, 652, 653]
155 160 [182, 190, 207, 235, 236, 243, 255, 258, 310, 337, 341]
33 36 [65, 91, 154]
47 50 [7, 13, 81, 94, 97, 102, 106, 107, 125, 134, 144, 145, 166, 175, 180, 183, 186, 188, 194, 197, 203, 204, 210, 213, 215, 222, 225, 226, 229, 233, 236, 239, 255, 261, 278, 281, 283, 288, 300, 307, 317, 318, 325, 335, 338, 341, 342, 344, 357, 362, 368, 378, 380, 384, 388, 395, 400, 405, 414, 415, 417, 428, 429, 437, 438, 445, 447, 460, 468, 478, 490, 491, 500, 507, 514, 516, 519, 530, 548, 551, 552, 555, 560, 563, 568, 576, 577, 582, 584, 586, 590, 597, 600, 608, 618, 623, 626, 635, 642, 652, 653, 654, 657, 665, 667, 688]
71 79 [18, 49, 103]
111 116 [40, 97, 103, 112, 126, 127, 136, 145]
66 68 [10, 107, 136, 145]
95 98 [10, 37, 49, 126, 136, 190, 197, 245, 335, 387, 410, 437, 500, 553, 559, 684]
115 117 [163, 180, 188, 193, 207, 209, 222, 239, 246, 256, 298, 308, 311, 314, 318, 327, 335, 341, 355, 408, 411, 422, 437, 453, 454, 497, 503, 567, 666]
202 205 [182]
48 50 [172, 208, 305, 374, 503, 513, 527, 544, 666]
160 163 [225, 252, 255, 261]
0 1 [2, 4, 10, 11, 13, 18, 19, 24, 30, 35, 37, 38, 40, 48, 49, 65, 66, 67, 70, 71, 74, 76, 78, 79, 81, 92, 93, 94, 97, 98, 103, 107, 111, 112, 125, 126, 127, 133, 134, 136, 137, 138, 140, 145, 152, 154, 156, 158, 162, 163, 173, 179, 180, 182, 186, 188, 190, 191, 193, 197, 198, 203, 204, 207, 209, 212, 221, 222, 225, 235, 236, 238, 239, 242, 243, 245, 246, 248, 252, 255, 256, 258, 261, 263, 274, 291, 294, 298, 303, 305, 308, 310, 311, 314, 316, 318, 327, 329, 330, 334, 335, 336, 337, 338, 339, 341, 343, 344, 350, 354, 355, 357, 360, 368, 372, 380, 382, 387, 397, 407, 408, 411, 413, 419, 422, 433, 434, 437, 440, 441, 442, 443, 449, 452, 453, 454, 456, 460, 464, 467, 468, 469, 472, 474, 482, 483, 485, 488, 497, 498, 499, 500, 501, 503, 507, 516, 519, 521, 530, 536, 541, 543, 545, 546, 551, 553, 567, 570, 573, 579, 596, 599, 614, 616, 624, 629, 632, 633, 634, 640, 660, 661, 662, 666, 670, 681, 683, 684, 686, 687, 688]
29 31 [0, 45, 94, 134, 688]
143 148 [112, 126, 136, 145]
12 18 [117]
172 175 [145, 190, 197, 245, 258, 337]
17 21 [621]
93 95 [191, 209, 219, 225, 226, 231, 252, 301, 332, 354, 359, 417, 625, 629, 666]
39 47 [13, 37, 74, 78, 80, 94, 97, 129, 145]
109 111 [103]
121 130 [684]
183 188 [112, 145]
70 73 [165, 168, 186, 221, 233, 257, 263, 317, 393, 434, 437, 438, 456, 527, 569, 602, 645, 649, 684]
10 12 [0, 2, 11, 15, 16, 19, 20, 24, 26, 27, 34, 36, 37, 39, 40, 43, 44, 65, 79, 81, 83, 88, 97, 103, 111, 112, 119, 134, 140, 147, 151, 154, 156, 157, 158, 159, 161, 162, 163, 164, 166, 167, 168, 171, 172, 174, 175, 176, 177, 181, 183, 185, 186, 191, 192, 193, 194, 195, 198, 199, 201, 202, 206, 209, 210, 211, 212, 213, 215, 216, 217, 218, 220, 221, 224, 225, 226, 227, 228, 229, 230, 231, 233, 234, 235, 236, 237, 238, 240, 243, 244, 246, 247, 248, 251, 253, 254, 256, 257, 262, 263, 264, 265, 266, 267, 269, 270, 272, 273, 275, 276, 279, 280, 281, 282, 283, 284, 285, 287, 288, 289, 290, 291, 292, 293, 294, 296, 297, 298, 299, 300, 302, 303, 305, 306, 307, 308, 309, 312, 314, 315, 316, 317, 318, 319, 320, 323, 325, 326, 327, 328, 329, 330, 332, 333, 334, 335, 336, 337, 338, 339, 341, 342, 344, 346, 347, 350, 351, 352, 353, 354, 355, 356, 357, 360, 361, 362, 363, 364, 365, 368, 369, 370, 371, 372, 373, 374, 375, 377, 378, 379, 380, 382, 383, 387, 388, 389, 390, 391, 392, 393, 396, 397, 398, 399, 400, 402, 404, 405, 406, 407, 408, 409, 410, 411, 413, 414, 415, 416, 417, 419, 420, 422, 423, 424, 426, 427, 428, 431, 432, 433, 434, 435, 436, 440, 441, 442, 443, 444, 445, 446, 450, 451, 454, 455, 458, 459, 460, 461, 462, 463, 464, 465, 467, 468, 469, 470, 471, 473, 476, 477, 478, 479, 480, 482, 483, 485, 486, 487, 488, 489, 490, 491, 494, 495, 497, 498, 499, 500, 501, 503, 504, 505, 506, 507, 508, 509, 512, 514, 515, 516, 517, 518, 519, 521, 522, 523, 524, 525, 526, 527, 528, 530, 533, 534, 535, 536, 537, 539, 540, 541, 543, 544, 545, 546, 549, 550, 551, 552, 553, 554, 555, 558, 559, 560, 562, 563, 564, 566, 567, 569, 570, 571, 572, 573, 575, 576, 578, 579, 580, 582, 584, 585, 586, 587, 588, 589, 590, 591, 593, 594, 596, 597, 598, 599, 600, 602, 604, 605, 606, 607, 608, 609, 611, 612, 613, 615, 616, 617, 618, 620, 621, 622, 623, 625, 626, 627, 630, 631, 632, 634, 635, 638, 639, 640, 641, 642, 643, 644, 645, 648, 649, 650, 651, 652, 653, 654, 656, 658, 659, 660, 661, 662, 665, 666, 667, 668, 669, 671, 672, 675, 676, 677, 678, 679, 680, 681, 688]
160 165 [179, 197, 207, 209, 245, 258, 310, 456]
178 180 [145, 197, 245]
85 87 [49, 97, 162, 165, 166, 175, 176, 180, 182, 183, 190, 191, 193, 197, 198, 201, 204, 208, 212, 215, 222, 225, 226, 229, 243, 245, 248, 249, 252, 253, 255, 261, 273, 274, 281, 287, 294, 298, 300, 301, 317, 332, 338, 342, 348, 351, 354, 369, 384, 387, 388, 411, 414, 431, 435, 437, 445, 450, 454, 458, 470, 471, 478, 481, 489, 497, 503, 504, 510, 513, 527, 552, 560, 569, 590, 597, 609, 623, 625, 630, 650, 653, 666, 669, 676, 684]
115 120 [173, 179, 182, 186, 190, 191, 197, 203, 204, 212, 225, 235, 238, 242, 245, 248, 252, 255, 258, 261, 263, 310, 334, 337, 338, 357, 407, 456, 460, 488, 500, 530, 579, 629, 633]
7 12 [1, 3, 4, 6, 7, 8, 9, 12, 13, 17, 21, 22, 25, 28, 29, 31, 33, 35, 42, 45, 46, 47, 48, 49, 51, 52, 53, 54, 55, 56, 57, 58, 60, 61, 62, 63, 64, 67, 69, 70, 71, 72, 73, 75, 76, 80, 82, 84, 85, 87, 89, 90, 91, 92, 93, 94, 96, 99, 100, 101, 107, 108, 109, 110, 114, 115, 116, 120, 121, 122, 124, 127, 128, 129, 130, 131, 133, 135, 137, 139, 142, 143, 144, 145, 146, 148, 149, 152, 153, 155, 165, 173, 179, 182, 184, 188, 189, 190, 197, 200, 203, 204, 207, 208, 219, 222, 239, 242, 245, 249, 252, 255, 258, 261, 274, 310, 311, 321, 324, 343, 348, 359, 366, 384, 386, 401, 418, 425, 437, 447, 449, 453, 456, 472, 481, 492, 496, 510, 513, 532, 542, 557, 595, 614, 624, 629, 633, 636, 647]
32 35 [165, 170, 171, 172, 173, 180, 181, 186, 188, 189, 191, 192, 195, 198, 201, 204, 206, 211, 212, 219, 220, 221, 222, 224, 236, 237, 239, 243, 246, 247, 251, 253, 256, 257, 261, 262, 264, 267, 271, 274, 276, 278, 279, 280, 281, 294, 298, 299, 308, 315, 316, 318, 321, 324, 329, 332, 334, 335, 336, 338, 342, 344, 354, 355, 356, 359, 362, 370, 372, 379, 384, 388, 389, 390, 391, 401, 413, 414, 415, 417, 418, 422, 425, 427, 428, 433, 436, 442, 446, 451, 453, 454, 455, 461, 464, 471, 473, 489, 491, 497, 498, 499, 500, 504, 508, 509, 514, 517, 521, 524, 535, 541, 543, 550, 551, 553, 555, 557, 559, 562, 563, 566, 568, 569, 577, 587, 590, 602, 605, 606, 611, 620, 623, 626, 633, 640, 643, 647, 650, 653, 657, 677, 679, 680, 684]
200 203 [207]
17 20 [4, 9, 19, 24, 28, 33, 53, 54, 61, 64, 65, 70, 75, 100, 101, 109, 114, 121, 128, 130, 135, 139, 143, 151, 157, 159, 161, 163, 164, 166, 171, 173, 176, 180, 185, 191, 194, 198, 201, 209, 217, 220, 224, 226, 229, 230, 233, 234, 239, 243, 244, 246, 251, 253, 256, 257, 262, 264, 267, 269, 274, 281, 284, 285, 288, 289, 294, 298, 299, 301, 305, 308, 312, 315, 316, 318, 319, 326, 332, 339, 342, 345, 353, 355, 359, 360, 365, 369, 379, 381, 382, 384, 386, 388, 392, 395, 398, 401, 402, 405, 408, 411, 413, 418, 422, 427, 428, 429, 433, 441, 444, 447, 451, 454, 455, 458, 459, 468, 469, 471, 478, 481, 485, 488, 491, 492, 496, 497, 504, 510, 512, 514, 515, 521, 522, 524, 531, 532, 533, 534, 541, 544, 549, 553, 554, 557, 558, 560, 561, 563, 564, 567, 568, 569, 570, 575, 578, 581, 584, 585, 587, 590, 591, 593, 603, 604, 607, 609, 611, 616, 623, 627, 630, 643, 647, 648, 650, 651, 652, 653, 656, 657, 658, 659, 665, 667, 671, 677, 680]
217 220 [258]
0 7 [6, 9, 29, 31, 42, 45, 46, 51, 54, 60, 61, 62, 63, 64, 73, 75, 82, 84, 85, 87, 99, 100, 101, 102, 106, 108, 109, 110, 114, 115, 116, 119, 128, 130, 135, 143, 144, 146, 148, 153, 157, 159, 166, 171, 175, 176, 177, 185, 189, 195, 199, 200, 201, 202, 217, 218, 224, 226, 227, 231, 233, 234, 240, 249, 257, 262, 266, 267, 269, 270, 271, 272, 279, 280, 282, 283, 284, 285, 287, 289, 290, 292, 293, 299, 300, 301, 306, 307, 309, 312, 315, 317, 319, 320, 321, 325, 326, 328, 332, 333, 342, 345, 346, 347, 348, 351, 352, 356, 361, 362, 363, 364, 370, 371, 373, 374, 375, 377, 378, 391, 400, 404, 405, 409, 417, 418, 420, 423, 424, 426, 427, 428, 429, 431, 432, 435, 436, 438, 444, 445, 450, 451, 455, 458, 459, 461, 463, 465, 470, 473, 476, 477, 478, 480, 486, 487, 489, 490, 491, 492, 494, 495, 496, 505, 506, 508, 509, 514, 517, 518, 522, 526, 527, 531, 535, 544, 548, 549, 552, 557, 559, 561, 562, 564, 568, 569, 571, 572, 575, 576, 577, 578, 580, 581, 582, 585, 586, 587, 588, 589, 590, 591, 594, 595, 597, 598, 600, 602, 603, 604, 605, 606, 607, 608, 609, 611, 612, 613, 615, 617, 618, 620, 621, 622, 623, 625, 626, 627, 630, 631, 635, 636, 639, 641, 642, 643, 644, 645, 647, 648, 649, 650, 651, 652, 653, 654, 656, 657, 658, 659, 663, 665, 668, 669, 671, 672, 674, 675, 676, 677, 678, 679, 680]
133 135 [145, 179, 186, 190, 193, 209, 225, 357, 456]
77 79 [98]
15 23 [1, 37, 67, 94, 102]
1 7 [397, 456, 541, 553, 614, 634, 640]
190 195 [190, 197, 207, 245, 252, 255]
130 132 [156, 163, 173, 203, 222, 238, 242, 243, 261, 327, 434, 437, 453, 629, 633]
61 63 [66, 136]
52 63 [138]
175 183 [112]
173 175 [112, 182]
44 48 [90]
63 65 [138, 211, 237, 290, 298, 316, 368, 395, 427, 451, 453, 463, 474, 544, 653]
117 120 [163, 180, 188, 193, 207, 209, 222, 246, 256, 298, 308, 314, 318, 327, 335, 341, 437, 453, 567, 666]
101 106 [684]
75 80 [158, 162, 163, 165, 168, 173, 176, 179, 181, 182, 183, 186, 189, 190, 194, 197, 198, 201, 203, 204, 206, 207, 221, 225, 229, 231, 236, 238, 239, 245, 246, 249, 251, 253, 255, 256, 257, 258, 262, 263, 270, 274, 280, 281, 284, 287, 290, 297, 298, 300, 307, 308, 311, 318, 324, 330, 332, 334, 337, 338, 342, 348, 351, 359, 362, 368, 369, 371, 379, 383, 384, 387, 393, 397, 398, 404, 410, 411, 414, 415, 417, 420, 422, 424, 431, 435, 437, 450, 453, 456, 458, 460, 470, 471, 477, 481, 488, 489, 490, 500, 503, 504, 510, 513, 516, 523, 526, 527, 530, 552, 553, 560, 569, 579, 580, 587, 590, 594, 597, 602, 608, 612, 620, 625, 626, 629, 645, 650, 652, 666, 669, 676]
42 47 [64]
187 190 [190, 207, 255, 258, 261]
120 125 [173, 180, 182, 186, 188, 190, 191, 193, 197, 203, 222, 225, 235, 236, 238, 243, 245, 252, 255, 256, 258, 261, 263, 308, 310, 337, 338, 357, 437, 567, 629, 633, 666]
40 43 [183, 262, 355, 458, 557, 640]
23 31 [10, 16, 17, 66, 67, 73, 98, 103, 110, 111, 116, 122, 125, 128]
64 68 [127]
150 152 [179, 180, 193, 209, 243, 246, 248, 252, 261, 666]
188 191 [145]
95 100 [40, 81, 97, 103, 112, 127, 134, 145, 156, 158, 162, 163, 173, 179, 180, 186, 191, 193, 203, 204, 207, 221, 222, 225, 231, 235, 236, 238, 242, 246, 248, 252, 258, 261, 263, 274, 294, 297, 298, 307, 308, 310, 314, 317, 327, 330, 332, 334, 338, 341, 368, 371, 372, 388, 397, 407, 408, 417, 422, 434, 435, 453, 454, 456, 460, 488, 490, 516, 517, 526, 530, 567, 570, 608, 620, 626, 629, 633]
21 23 [11, 45, 106, 134, 684]
74 77 [98]
40 42 [158, 167, 168, 175, 180, 184, 188, 189, 191, 194, 198, 204, 208, 210, 212, 215, 218, 224, 225, 226, 227, 233, 236, 239, 244, 251, 261, 264, 267, 276, 280, 283, 288, 296, 301, 302, 315, 320, 325, 326, 327, 335, 338, 344, 348, 354, 357, 361, 365, 366, 371, 374, 375, 378, 381, 382, 386, 393, 401, 405, 414, 416, 418, 420, 427, 428, 438, 442, 452, 456, 460, 461, 470, 478, 491, 503, 519, 523, 526, 528, 530, 535, 541, 543, 544, 548, 550, 558, 563, 568, 569, 579, 584, 586, 590, 594, 596, 597, 599, 604, 605, 608, 616, 623, 629, 636, 639, 653, 657, 659, 663, 666, 670, 676, 679]
79 87 [47, 116, 126, 145]
3 5 [13, 19, 191, 256, 275, 298, 303, 310, 311, 314, 316, 318, 327, 330, 334, 335, 337, 338, 339, 341, 350, 354, 355, 357, 360, 368, 380, 382, 387, 407, 411, 413, 419, 437, 441, 442, 449, 454, 460, 464, 467, 468, 472, 474, 482, 483, 485, 497, 498, 499, 500, 501, 503, 507, 530, 536, 543, 545, 546, 629, 681]
41 44 [128, 684]
37 40 [163, 168, 175, 176, 180, 191, 192, 194, 195, 198, 204, 207, 212, 215, 216, 220, 221, 222, 226, 243, 246, 247, 249, 261, 264, 270, 279, 280, 288, 298, 301, 316, 318, 321, 324, 327, 328, 329, 332, 334, 335, 347, 351, 355, 359, 360, 365, 371, 372, 384, 387, 388, 405, 408, 409, 418, 425, 426, 427, 429, 435, 436, 445, 446, 451, 454, 456, 458, 459, 460, 461, 464, 470, 478, 485, 489, 491, 498, 503, 508, 510, 513, 517, 523, 540, 553, 557, 559, 566, 567, 569, 572, 579, 587, 588, 594, 597, 602, 603, 622, 623, 626, 629, 630, 636, 639, 650, 657, 666, 670, 679]
59 63 [684]
220 222 [245]
155 158 [179, 193, 197, 245, 252]
39 42 [7, 49, 56, 58, 64, 67, 83, 103, 127, 146, 151]
220 225 [182, 207]
45 50 [158, 159, 161, 162, 163, 164, 165, 168, 173, 176, 179, 181, 182, 185, 189, 190, 191, 192, 193, 195, 198, 199, 200, 201, 206, 207, 209, 211, 212, 216, 219, 220, 221, 224, 231, 235, 237, 238, 240, 242, 243, 244, 245, 247, 248, 249, 251, 252, 253, 254, 256, 257, 258, 262, 263, 264, 266, 267, 270, 273, 274, 276, 279, 280, 284, 287, 290, 291, 293, 294, 297, 298, 299, 301, 303, 308, 309, 310, 311, 314, 315, 316, 321, 324, 326, 327, 328, 329, 330, 332, 334, 336, 337, 339, 347, 348, 350, 351, 354, 355, 356, 359, 360, 361, 364, 365, 369, 370, 371, 372, 375, 379, 383, 387, 390, 391, 393, 397, 398, 404, 407, 408, 409, 410, 411, 413, 419, 420, 422, 424, 425, 427, 431, 432, 433, 434, 435, 436, 441, 442, 443, 446, 450, 451, 453, 454, 455, 456, 458, 459, 461, 463, 464, 467, 469, 470, 471, 474, 477, 480, 481, 483, 485, 488, 489, 494, 497, 498, 499, 501, 504, 506, 508, 509, 510, 512, 517, 521, 522, 523, 524, 526, 528, 536, 537, 541, 543, 546, 553, 557, 559, 566, 567, 569, 570, 573, 579, 580, 587, 589, 591, 593, 594, 602, 603, 606, 609, 612, 613, 616, 620, 622, 625, 627, 629, 630, 632, 633, 639, 640, 643, 645, 647, 649, 650, 660, 669, 672, 676, 679, 680]
148 150 [235, 261, 337, 666]
156 159 [112, 126, 136, 145]
160 162 [182, 190, 193, 235, 236, 243, 337, 341]
15 18 [7, 21, 31, 35, 43, 51, 57, 58, 74, 78, 79, 82, 88, 89, 90, 91, 93, 96, 99, 106, 129, 140, 144, 147, 149, 153, 154, 170, 208, 271, 366, 589, 633, 636, 688]
45 48 [172, 208, 305, 374, 503, 513, 527, 544, 666]
110 112 [158, 173, 188, 198, 204, 209, 212, 236, 294, 298, 311, 330, 338, 355, 368, 372, 397, 411, 422, 434, 454, 497, 516, 553, 570, 579, 633]
28 30 [202, 309, 389, 401, 670]
2 7 [33, 52, 69, 105, 142, 147, 164, 165, 168, 170, 172, 174, 181, 183, 194, 206, 208, 210, 211, 216, 228, 230, 237, 247, 253, 254, 260, 265, 281, 288, 425]
137 140 [221, 236, 243, 252, 308, 357, 460]
20 23 [0, 2, 3, 6, 7, 8, 9, 10, 13, 15, 16, 17, 18, 19, 20, 21, 24, 26, 27, 29, 30, 31, 33, 34, 35, 36, 38, 39, 40, 43, 44, 46, 47, 48, 49, 51, 54, 55, 56, 57, 60, 62, 63, 64, 65, 66, 70, 71, 72, 73, 74, 75, 76, 78, 79, 80, 81, 82, 83, 84, 85, 88, 89, 90, 91, 92, 93, 97, 98, 100, 101, 103, 105, 107, 109, 110, 111, 112, 116, 119, 120, 122, 124, 125, 126, 128, 131, 133, 135, 136, 137, 142, 143, 144, 145, 146, 147, 148, 151, 152, 153, 154, 155, 156, 157, 183, 254, 333, 577, 670, 682, 688]
118 120 [162, 221, 236, 243, 274, 368, 387, 434]
25 28 [29, 33, 39, 42, 43, 51, 101, 151, 154, 202, 309, 389, 401, 670]
97 100 [182, 188, 194, 198, 209, 212, 226, 239, 243, 255, 256, 284, 301, 311, 318, 328, 337, 354, 355, 357, 379, 411, 415, 424, 447, 497, 503, 524, 527, 579, 580, 587, 625, 666]
119 122 [126]
8 12 [117, 683]
120 122 [207, 212, 246, 274, 298, 314, 318, 334, 335, 368, 387, 407, 453, 456, 488, 500, 579]
35 37 [137, 163, 168, 170, 171, 175, 176, 180, 191, 192, 194, 195, 198, 204, 207, 212, 215, 216, 220, 221, 222, 226, 228, 243, 246, 247, 249, 260, 261, 264, 270, 279, 280, 282, 288, 298, 301, 316, 318, 321, 324, 327, 328, 329, 332, 334, 335, 347, 351, 355, 359, 360, 365, 371, 372, 377, 384, 387, 388, 389, 405, 408, 409, 418, 425, 426, 427, 429, 435, 436, 445, 446, 451, 454, 456, 458, 459, 460, 461, 464, 470, 473, 478, 485, 487, 489, 491, 498, 503, 508, 510, 513, 515, 517, 518, 523, 525, 534, 540, 549, 553, 557, 559, 566, 567, 569, 572, 579, 585, 587, 588, 594, 597, 602, 603, 607, 611, 622, 623, 626, 629, 630, 636, 639, 641, 650, 657, 666, 670, 677, 679, 684]
210 215 [182, 207, 245, 258]
12 23 [138]
35 38 [181, 189, 199, 206, 218, 224, 237, 244, 251, 257, 262, 278, 325, 336, 354, 428, 495, 530, 531, 584, 605]
175 178 [145, 197, 245]
140 143 [112, 126, 136, 145, 190, 248]
69 71 [98]
7 10 [0, 2, 11, 15, 16, 19, 20, 24, 26, 27, 34, 36, 37, 39, 40, 43, 44, 65, 79, 81, 83, 88, 97, 103, 111, 112, 119, 134, 140, 147, 151, 154, 156, 157, 158, 159, 161, 162, 163, 164, 166, 167, 168, 171, 172, 174, 175, 176, 177, 181, 183, 185, 186, 191, 192, 193, 194, 195, 198, 199, 201, 202, 206, 209, 210, 211, 212, 213, 215, 216, 217, 218, 220, 221, 224, 225, 226, 227, 228, 229, 230, 231, 233, 234, 235, 236, 237, 238, 240, 243, 244, 246, 247, 248, 251, 253, 254, 256, 257, 262, 263, 264, 265, 266, 267, 269, 270, 272, 273, 275, 276, 279, 280, 281, 282, 283, 284, 285, 287, 288, 289, 290, 291, 292, 293, 294, 296, 297, 298, 299, 300, 302, 303, 305, 306, 307, 308, 309, 312, 314, 315, 316, 317, 318, 319, 320, 323, 325, 326, 327, 328, 329, 330, 332, 333, 334, 335, 336, 337, 338, 339, 341, 342, 344, 346, 347, 350, 351, 352, 353, 354, 355, 356, 357, 360, 361, 362, 363, 364, 365, 368, 369, 370, 371, 372, 373, 374, 375, 377, 378, 379, 380, 382, 383, 387, 388, 389, 390, 391, 392, 393, 396, 397, 398, 399, 400, 402, 404, 405, 406, 407, 408, 409, 410, 411, 413, 414, 415, 416, 417, 419, 420, 422, 423, 424, 426, 427, 428, 431, 432, 433, 434, 435, 436, 440, 441, 442, 443, 444, 445, 446, 450, 451, 454, 455, 458, 459, 460, 461, 462, 463, 464, 465, 467, 468, 469, 470, 471, 473, 476, 477, 478, 479, 480, 482, 483, 485, 486, 487, 488, 489, 490, 491, 494, 495, 497, 498, 499, 500, 501, 503, 504, 505, 506, 507, 508, 509, 512, 514, 515, 516, 517, 518, 519, 521, 522, 523, 524, 525, 526, 527, 528, 530, 533, 534, 535, 536, 537, 539, 540, 541, 543, 544, 545, 546, 549, 550, 551, 552, 553, 554, 555, 558, 559, 560, 562, 563, 564, 566, 567, 569, 570, 571, 572, 573, 575, 576, 578, 579, 580, 582, 584, 585, 586, 587, 588, 589, 590, 591, 593, 594, 596, 597, 598, 599, 600, 602, 604, 605, 606, 607, 608, 609, 611, 612, 613, 615, 616, 617, 618, 620, 621, 622, 623, 625, 626, 627, 630, 631, 632, 634, 635, 638, 639, 640, 641, 642, 643, 644, 645, 648, 649, 650, 651, 652, 653, 654, 656, 658, 659, 660, 661, 662, 665, 666, 667, 668, 669, 671, 672, 675, 676, 677, 678, 679, 680, 681]
168 170 [182, 190, 255, 258, 337]
22 25 [159, 164, 166, 170, 171, 173, 174, 188, 189, 191, 192, 194, 195, 198, 201, 202, 204, 206, 208, 209, 212, 219, 220, 222, 224, 226, 229, 236, 237, 239, 240, 243, 244, 246, 247, 251, 256, 261, 262, 264, 267, 271, 279, 281, 284, 285, 288, 291, 294, 296, 298, 299, 301, 303, 306, 308, 309, 311, 316, 317, 318, 328, 329, 332, 336, 339, 342, 348, 350, 352, 356, 359, 362, 365, 369, 370, 377, 379, 382, 383, 384, 388, 389, 391, 396, 398, 405, 406, 408, 411, 413, 415, 419, 422, 428, 433, 436, 441, 442, 444, 447, 451, 454, 455, 456, 458, 459, 464, 468, 481, 485, 488, 489, 490, 498, 500, 501, 503, 504, 507, 508, 510, 512, 521, 522, 536, 541, 544, 553, 555, 557, 560, 563, 567, 584, 589, 590, 591, 594, 597, 600, 603, 607, 609, 611, 613, 620, 623, 626, 631, 643, 644, 647, 648, 650, 651, 654, 656, 657, 668, 674, 675, 677, 680]
153 155 [197, 245, 456]
20 25 [158, 161, 162, 163, 165, 167, 168, 172, 175, 176, 177, 179, 180, 181, 182, 184, 185, 186, 190, 193, 197, 199, 200, 203, 207, 210, 211, 213, 215, 216, 217, 218, 221, 225, 227, 228, 231, 233, 234, 235, 238, 242, 245, 248, 249, 252, 253, 255, 257, 258, 260, 263, 265, 266, 269, 270, 273, 274, 276, 278, 280, 282, 283, 287, 289, 290, 292, 293, 297, 302, 305, 307, 310, 312, 314, 315, 320, 321, 324, 325, 326, 327, 330, 334, 335, 337, 338, 341, 344, 345, 347, 351, 354, 355, 357, 360, 361, 364, 366, 368, 371, 372, 373, 374, 375, 378, 380, 381, 386, 387, 390, 393, 395, 397, 400, 401, 404, 407, 410, 414, 416, 417, 418, 420, 423, 424, 425, 426, 427, 429, 431, 432, 434, 435, 437, 438, 443, 445, 446, 450, 452, 453, 460, 461, 462, 463, 467, 469, 470, 471, 473, 474, 476, 477, 478, 479, 480, 483, 487, 491, 494, 495, 497, 499, 505, 506, 509, 513, 514, 515, 516, 517, 518, 519, 523, 524, 525, 526, 527, 528, 530, 531, 534, 535, 537, 539, 540, 542, 543, 546, 548, 549, 550, 551, 552, 554, 558, 559, 562, 564, 566, 568, 569, 570, 571, 572, 573, 575, 576, 578, 579, 580, 581, 582, 585, 586, 587, 588, 593, 596, 598, 599, 602, 604, 605, 606, 608, 612, 615, 616, 617, 618, 622, 625, 627, 629, 630, 632, 633, 635, 636, 639, 640, 641, 642, 645, 649, 652, 653, 659, 660, 662, 663, 665, 666, 667, 669, 671, 672, 676, 678, 679]
85 90 [158, 163, 168, 173, 179, 186, 188, 189, 194, 203, 207, 209, 219, 221, 231, 235, 236, 238, 239, 242, 246, 256, 257, 258, 263, 284, 288, 290, 297, 308, 310, 311, 314, 318, 321, 324, 327, 328, 334, 335, 337, 341, 355, 359, 368, 371, 372, 379, 383, 393, 395, 398, 404, 407, 408, 410, 415, 417, 422, 424, 425, 434, 453, 456, 488, 490, 500, 516, 524, 526, 530, 567, 570, 579, 580, 587, 594, 608, 626, 629, 633, 647]
192 195 [182, 261]
3 6 [686]
110 113 [186, 193, 222, 258, 318, 437, 460, 503]
19 23 [42, 127]
31 37 [45]
2 4 [57, 96, 151, 215, 251]
14 18 [118]
0 12 [118, 682]
87 95 [134, 145]
67 70 [158, 159, 163, 168, 173, 180, 186, 191, 198, 204, 211, 216, 221, 233, 236, 242, 243, 263, 267, 274, 281, 284, 290, 294, 300, 309, 314, 315, 317, 318, 327, 330, 332, 334, 338, 361, 364, 365, 368, 369, 372, 375, 379, 384, 398, 408, 425, 434, 437, 450, 451, 454, 456, 458, 463, 471, 481, 494, 497, 500, 504, 514, 517, 537, 557, 559, 584, 587, 597, 608, 609, 626, 630, 633, 643, 647, 653, 680]
12 16 [38, 221, 320, 374, 579]
47 53 [45]
36 39 [0, 1, 6, 7, 8, 10, 13, 15, 16, 17, 20, 26, 27, 30, 34, 35, 36, 37, 39, 40, 42, 43, 44, 47, 49, 54, 56, 58, 60, 62, 63, 64, 66, 67, 70, 71, 72, 73, 74, 76, 78, 80, 81, 83, 84, 88, 90, 91, 93, 97, 98, 100, 102, 103, 105, 106, 107, 110, 112, 116, 119, 122, 125, 126, 127, 129, 131, 133, 134, 136, 142, 146, 147, 148, 151, 152, 155]
38 40 [181, 189, 199, 206, 218, 224, 237, 244, 251, 257, 262, 278, 325, 336, 354, 428, 495, 530, 531, 584, 605]
150 153 [197, 245, 434, 456]
42 45 [67, 158, 168, 175, 180, 188, 189, 191, 194, 198, 204, 208, 210, 212, 215, 224, 225, 226, 233, 236, 239, 244, 251, 261, 264, 267, 276, 280, 283, 288, 301, 315, 325, 326, 327, 335, 338, 344, 348, 354, 357, 361, 365, 371, 374, 375, 378, 381, 393, 405, 414, 418, 420, 427, 428, 438, 442, 456, 460, 461, 470, 478, 491, 503, 519, 523, 526, 528, 530, 541, 543, 544, 548, 563, 568, 569, 579, 584, 586, 590, 594, 597, 605, 608, 616, 623, 629, 639, 653, 657, 659, 663, 666, 676, 679]
39 41 [128, 137, 684]
63 69 [98]
98 101 [684]
15 20 [0, 2, 3, 6, 8, 10, 12, 13, 15, 16, 17, 18, 20, 22, 25, 26, 27, 29, 30, 34, 36, 39, 40, 44, 46, 47, 48, 49, 52, 55, 56, 60, 62, 63, 66, 69, 71, 72, 73, 76, 80, 81, 83, 84, 87, 92, 97, 98, 103, 105, 107, 108, 110, 111, 112, 115, 116, 119, 120, 122, 124, 125, 126, 131, 133, 136, 137, 142, 145, 146, 148, 152, 155, 156, 158, 165, 167, 168, 172, 174, 175, 177, 181, 182, 183, 184, 186, 188, 189, 192, 193, 195, 199, 200, 202, 203, 204, 206, 210, 211, 212, 213, 215, 216, 218, 219, 222, 225, 227, 228, 231, 235, 236, 237, 238, 240, 245, 247, 249, 252, 254, 255, 260, 261, 263, 265, 266, 270, 272, 273, 278, 279, 280, 282, 287, 290, 291, 292, 293, 296, 297, 302, 303, 306, 309, 310, 311, 314, 317, 321, 323, 324, 325, 328, 329, 330, 333, 335, 336, 337, 338, 341, 344, 348, 350, 351, 352, 354, 356, 361, 362, 363, 364, 370, 371, 372, 373, 375, 377, 378, 383, 389, 390, 393, 396, 397, 399, 404, 406, 407, 414, 415, 416, 417, 419, 420, 423, 425, 426, 431, 432, 434, 435, 436, 438, 442, 443, 445, 446, 450, 452, 456, 460, 461, 462, 464, 465, 467, 470, 473, 474, 476, 477, 479, 483, 486, 487, 489, 490, 494, 495, 498, 499, 500, 501, 503, 505, 506, 507, 508, 509, 513, 516, 517, 518, 519, 525, 526, 527, 528, 535, 536, 537, 539, 540, 542, 543, 546, 548, 550, 551, 552, 555, 559, 562, 566, 571, 572, 573, 576, 577, 580, 582, 586, 588, 594, 595, 596, 597, 598, 600, 602, 605, 606, 608, 612, 613, 617, 618, 620, 622, 625, 626, 629, 631, 635, 638, 639, 640, 641, 642, 644, 645, 649, 654, 660, 662, 663, 666, 668, 669, 670, 672, 674, 675, 678, 679, 682]
12 15 [0, 1, 2, 3, 4, 6, 7, 8, 9, 10, 11, 12, 13, 15, 16, 17, 18, 19, 20, 21, 22, 24, 25, 26, 27, 28, 29, 30, 31, 33, 34, 35, 36, 37, 39, 40, 42, 43, 44, 45, 46, 47, 48, 49, 51, 52, 53, 54, 55, 56, 57, 58, 60, 61, 62, 63, 64, 65, 66, 67, 69, 70, 71, 72, 73, 74, 75, 76, 78, 79, 80, 81, 82, 83, 84, 87, 88, 89, 90, 91, 92, 93, 94, 96, 97, 98, 99, 100, 101, 102, 103, 105, 106, 107, 108, 109, 110, 111, 112, 114, 115, 116, 119, 120, 121, 122, 124, 125, 126, 127, 128, 129, 130, 131, 133, 134, 135, 136, 137, 139, 140, 142, 143, 144, 145, 146, 147, 148, 149, 151, 152, 153, 154, 155, 156, 157, 158, 159, 161, 163, 164, 165, 166, 167, 168, 171, 172, 173, 174, 175, 176, 177, 181, 182, 183, 184, 185, 186, 188, 189, 191, 192, 193, 194, 195, 198, 199, 200, 201, 202, 203, 204, 206, 208, 209, 210, 211, 212, 213, 215, 216, 217, 218, 219, 220, 222, 224, 225, 226, 227, 228, 229, 230, 231, 233, 234, 235, 236, 237, 238, 239, 240, 243, 244, 245, 246, 247, 249, 251, 252, 253, 254, 255, 256, 257, 261, 262, 263, 264, 265, 266, 267, 269, 270, 272, 273, 274, 275, 279, 280, 281, 282, 284, 285, 287, 288, 289, 290, 291, 292, 293, 294, 296, 297, 298, 299, 300, 302, 303, 305, 306, 308, 309, 310, 311, 312, 314, 315, 316, 317, 318, 319, 321, 323, 324, 325, 326, 328, 329, 330, 332, 333, 335, 336, 337, 338, 339, 341, 342, 343, 344, 346, 348, 350, 351, 352, 353, 354, 355, 356, 359, 360, 361, 362, 363, 364, 365, 366, 369, 370, 371, 372, 373, 375, 377, 378, 379, 382, 383, 384, 386, 388, 389, 390, 391, 392, 393, 396, 397, 398, 399, 401, 402, 404, 405, 406, 407, 408, 409, 411, 413, 414, 415, 416, 417, 418, 419, 420, 422, 423, 425, 426, 427, 428, 431, 432, 433, 434, 435, 436, 440, 441, 442, 443, 444, 445, 446, 447, 449, 450, 451, 454, 455, 456, 458, 459, 460, 461, 462, 464, 465, 467, 468, 469, 470, 471, 472, 473, 476, 477, 478, 479, 481, 482, 483, 485, 486, 487, 488, 489, 490, 491, 492, 494, 495, 496, 497, 498, 499, 500, 501, 503, 504, 505, 506, 507, 508, 509, 510, 512, 513, 514, 515, 516, 517, 518, 519, 521, 522, 524, 525, 526, 527, 528, 532, 533, 534, 535, 536, 537, 539, 540, 541, 542, 543, 544, 545, 546, 549, 550, 551, 552, 553, 554, 555, 557, 558, 559, 560, 562, 563, 564, 566, 567, 569, 570, 571, 572, 573, 575, 576, 578, 580, 582, 584, 585, 586, 587, 588, 589, 590, 591, 593, 594, 595, 596, 597, 598, 600, 602, 604, 605, 606, 607, 608, 609, 611, 612, 613, 614, 616, 617, 618, 620, 621, 622, 623, 624, 625, 626, 627, 629, 630, 631, 633, 634, 635, 636, 638, 639, 640, 641, 642, 643, 644, 645, 647, 648, 649, 650, 651, 652, 653, 654, 656, 658, 659, 660, 661, 662, 665, 666, 667, 668, 669, 671, 672, 675, 677, 678, 679, 680, 681, 682, 688]
203 205 [207]
5 7 [0, 1, 3, 7, 8, 12, 13, 15, 16, 17, 19, 20, 21, 22, 25, 26, 27, 28, 191, 244, 256, 275, 296, 297, 298, 302, 303, 310, 311, 314, 316, 318, 323, 324, 327, 330, 334, 335, 337, 338, 339, 341, 350, 353, 354, 355, 357, 359, 360, 365, 366, 368, 369, 379, 380, 381, 382, 383, 384, 386, 387, 388, 389, 390, 392, 393, 395, 396, 398, 399, 401, 402, 406, 407, 410, 411, 413, 414, 415, 416, 419, 437, 440, 441, 442, 446, 447, 449, 454, 460, 462, 464, 467, 468, 471, 472, 474, 479, 481, 482, 483, 485, 497, 498, 499, 500, 501, 503, 504, 507, 510, 512, 513, 515, 523, 524, 525, 528, 530, 532, 533, 534, 536, 537, 539, 540, 542, 543, 545, 546, 550, 554, 555, 558, 560, 563, 629, 667, 681]
164 167 [145]
91 95 [40]
124 127 [81, 97, 103, 112, 136, 145, 156]
105 108 [163, 188, 338, 453, 460, 516, 579, 633]
6 11 [684]
50 53 [216, 317, 414, 459, 557, 640, 676]
36 40 [38]
23 25 [29, 33, 39, 42, 43, 51, 101, 151, 154, 157, 183, 254, 333, 577, 670]
42 44 [7, 49, 56, 58, 83, 103, 127, 146, 151]
68 71 [10, 30, 40, 47, 63, 66, 71, 74, 76, 78, 81, 92, 93, 97, 103, 112, 116, 122, 125, 126, 127, 129, 133, 134, 136, 137, 138, 144, 145, 152, 156]
12 20 [85, 162, 179, 190, 197, 207, 242, 248, 258, 276, 283, 307, 327, 334, 347, 357, 368, 380, 387, 400, 410, 424, 437, 453, 463, 480, 523, 530, 599, 615, 632, 676]
44 46 [684]
119 124 [40, 81, 97, 103, 112, 136, 145, 156]
80 85 [158, 162, 163, 165, 173, 175, 179, 183, 186, 188, 189, 190, 194, 197, 203, 204, 207, 208, 212, 229, 231, 236, 238, 242, 245, 246, 249, 251, 256, 257, 258, 263, 273, 281, 284, 290, 297, 300, 301, 307, 311, 314, 317, 318, 321, 330, 334, 335, 337, 341, 342, 351, 354, 355, 359, 368, 369, 371, 379, 383, 384, 387, 393, 395, 398, 404, 407, 410, 411, 415, 417, 420, 422, 424, 431, 434, 437, 445, 453, 456, 460, 471, 481, 488, 489, 490, 497, 500, 503, 513, 516, 517, 524, 526, 530, 553, 567, 569, 579, 580, 594, 597, 608, 612, 626, 629, 630, 653, 669, 676, 684]
39 44 [0, 1, 6, 8, 10, 15, 16, 17, 18, 20, 26, 27, 30, 34, 35, 36, 39, 40, 42, 43, 44, 45, 47, 54, 60, 62, 63, 66, 70, 71, 72, 73, 76, 81, 84, 88, 90, 91, 93, 98, 100, 102, 105, 106, 107, 110, 112, 116, 119, 122, 125, 126, 131, 133, 136, 142, 144, 147, 148, 152, 155, 156, 688]
0 2 [33, 52, 57, 69, 96, 105, 142, 147, 151, 164, 165, 168, 170, 172, 174, 181, 183, 194, 206, 208, 210, 211, 215, 216, 228, 230, 237, 244, 247, 251, 253, 254, 260, 265, 281, 288, 425]
79 85 [49, 97]
74 76 [10, 97, 134, 136]
151 156 [112, 126, 136, 145]
102 105 [173, 204, 212, 239, 256, 258, 284, 311, 318, 335, 355, 371, 387, 408, 435, 460, 488, 497, 503, 516, 517, 559, 570, 579, 587]
47 51 [93]
40 50 [662]
105 110 [158, 162, 179, 180, 182, 186, 191, 193, 197, 203, 207, 209, 212, 221, 222, 225, 235, 236, 238, 242, 243, 246, 248, 252, 255, 256, 261, 263, 274, 308, 310, 311, 314, 318, 327, 330, 334, 341, 357, 368, 372, 387, 407, 422, 434, 454, 456, 497, 500, 503, 530, 553, 570, 629]
15 17 [4, 9, 19, 24, 28, 33, 53, 54, 61, 64, 65, 70, 75, 100, 101, 109, 114, 121, 128, 130, 135, 139, 143, 151, 157, 159, 161, 163, 164, 166, 171, 173, 176, 180, 185, 191, 194, 198, 201, 209, 217, 220, 224, 226, 229, 230, 233, 234, 239, 243, 244, 246, 251, 253, 256, 257, 262, 264, 267, 269, 274, 275, 281, 284, 285, 288, 289, 294, 298, 299, 301, 305, 308, 312, 315, 316, 318, 319, 326, 332, 339, 342, 343, 345, 353, 355, 359, 360, 365, 369, 379, 381, 382, 384, 386, 388, 392, 395, 398, 401, 402, 405, 408, 411, 413, 418, 422, 427, 428, 429, 433, 440, 441, 444, 447, 449, 451, 454, 455, 458, 459, 468, 469, 471, 472, 478, 481, 482, 485, 488, 491, 492, 496, 497, 504, 510, 512, 514, 515, 521, 522, 524, 531, 532, 533, 534, 541, 544, 545, 549, 553, 554, 557, 558, 560, 561, 563, 564, 567, 568, 569, 570, 575, 578, 581, 584, 585, 587, 590, 591, 593, 603, 604, 607, 609, 611, 614, 616, 621, 623, 627, 630, 634, 643, 647, 648, 650, 651, 652, 653, 656, 657, 658, 659, 661, 665, 667, 671, 677, 680, 681]
45 52 [246]
220 223 [258]
55 58 [7, 10, 37, 38, 42, 54, 64, 66, 91, 94, 100, 103, 107, 116, 128, 156, 208, 240, 266, 325, 344, 387, 400, 420, 438, 460, 464, 485, 490, 509, 544, 557, 600, 635, 645, 672, 676]
182 185 [197, 245]
128 130 [207, 248, 310, 341, 456, 629]
3 8 [683]
31 33 [65, 91, 154]
78 80 [175, 208, 215, 226, 242, 273, 314, 317, 327, 354, 388, 427, 445, 447, 623, 684]
1 6 [684, 688]
79 84 [30, 37, 63, 71, 76, 81, 92, 93, 103, 112, 122, 127, 129, 133, 134, 137, 144, 152, 156]
26 31 [49, 63, 106, 107, 112]
28 31 [1, 2, 6, 7, 8, 11, 13, 15, 18, 19, 20, 24, 26, 27, 30, 34, 35, 36, 37, 38, 39, 40, 42, 43, 44, 47, 48, 56, 58, 62, 64, 65, 70, 72, 74, 76, 78, 79, 80, 81, 83, 84, 85, 88, 90, 91, 92, 93, 97, 100, 102, 105, 126, 129, 131, 133, 136, 137, 138, 140, 142, 144, 145, 146, 147, 148, 151, 152, 154, 156]
195 198 [182, 255, 258]
31 36 [0, 1, 2, 6, 8, 13, 15, 16, 17, 19, 20, 24, 26, 27, 30, 34, 35, 37, 38, 39, 40, 42, 43, 44, 47, 48, 49, 54, 56, 60, 62, 63, 66, 67, 70, 71, 72, 73, 74, 76, 78, 79, 80, 81, 84, 85, 90, 97, 98, 100, 102, 103, 105, 106, 107, 110, 112, 116, 119, 122, 125, 129, 131, 133, 134, 136, 138, 140, 142, 146, 148, 151, 152, 155]
200 205 [245, 258]
63 68 [13, 30, 35, 38, 40, 47, 63, 66, 67, 70, 71, 74, 76, 78, 81, 92, 93, 94, 97, 103, 112, 116, 122, 125, 126, 129, 133, 134, 137, 144, 152, 156]
33 35 [185, 207, 382, 396, 409, 459]
31 35 [137]
23 26 [0, 3, 11, 36, 38, 49, 58, 63, 64, 78, 82, 88, 89, 93, 106, 107, 112, 138, 140, 142, 156, 682]
123 125 [162, 163, 179, 204, 209, 221, 242, 248, 327, 341, 434, 460, 530]
84 87 [10, 37, 40, 63, 81, 103, 112, 122, 127, 129, 134, 136, 144, 156]
70 72 [158, 159, 163, 166, 180, 193, 195, 197, 204, 207, 209, 212, 216, 222, 224, 237, 239, 242, 243, 246, 248, 252, 267, 283, 284, 288, 293, 294, 298, 308, 309, 314, 315, 321, 327, 328, 330, 332, 335, 347, 355, 356, 359, 362, 364, 365, 369, 370, 372, 378, 379, 395, 398, 408, 425, 427, 435, 445, 451, 453, 454, 458, 488, 494, 497, 504, 514, 516, 517, 524, 526, 530, 537, 544, 552, 557, 563, 570, 584, 594, 633, 639, 647, 652, 653, 672, 680]
16 20 [38, 221, 320, 374, 579]
130 133 [145, 179, 186, 190, 193, 209, 225, 357, 456, 684]
47 52 [6, 17, 35, 37, 38, 40, 47, 49, 54, 60, 62, 63, 64, 66, 67, 70, 71, 73, 74, 76, 78, 80, 84, 85, 91, 92, 100, 103, 105, 110, 112, 116, 122, 126, 127, 128, 129, 131, 133, 136, 137, 138, 146, 155, 156]
56 59 [684]
80 83 [176, 191, 193, 198, 215, 239, 248, 280, 287, 310, 324, 338, 348, 397, 414, 435, 450, 478, 559, 590, 620, 625, 666]
153 157 [434]
34 37 [92]
25 27 [159, 163, 164, 166, 171, 173, 177, 179, 183, 184, 185, 189, 192, 194, 195, 198, 201, 204, 206, 209, 211, 212, 217, 220, 222, 224, 226, 229, 234, 237, 240, 243, 244, 246, 247, 251, 256, 257, 262, 264, 265, 267, 271, 276, 278, 281, 284, 288, 294, 298, 299, 306, 308, 312, 316, 317, 318, 321, 328, 329, 332, 335, 336, 338, 339, 344, 348, 351, 352, 354, 355, 356, 359, 369, 370, 375, 382, 384, 388, 391, 398, 408, 413, 415, 418, 419, 422, 423, 428, 433, 436, 441, 444, 447, 454, 455, 459, 460, 462, 464, 467, 468, 471, 473, 478, 481, 485, 487, 488, 489, 491, 497, 498, 500, 501, 503, 504, 506, 507, 508, 510, 512, 514, 522, 523, 524, 527, 535, 537, 539, 542, 546, 550, 553, 554, 555, 559, 563, 564, 567, 571, 577, 584, 590, 591, 596, 597, 598, 603, 604, 605, 606, 608, 620, 623, 626, 631, 641, 643, 647, 650, 654, 660, 663, 668, 671, 674]
4 7 [57, 96, 145, 151, 215, 251, 584, 593, 638]
37 39 [45, 92, 137, 684]
1 3 [2, 4, 10, 11, 13, 18, 19, 24, 30, 35, 37, 38, 40, 48, 49, 65, 66, 67, 70, 71, 74, 76, 78, 79, 81, 92, 93, 94, 97, 98, 103, 107, 111, 112, 125, 126, 127, 133, 134, 136, 137, 138, 140, 152, 154, 156, 158, 162, 163, 173, 179, 180, 182, 186, 188, 190, 191, 193, 197, 198, 203, 204, 207, 209, 212, 221, 222, 225, 235, 236, 238, 239, 242, 243, 245, 246, 248, 252, 255, 256, 258, 261, 263, 274, 291, 294, 298, 303, 305, 308, 310, 311, 314, 316, 318, 327, 329, 330, 334, 335, 336, 337, 338, 339, 341, 343, 344, 350, 354, 355, 357, 360, 368, 372, 380, 382, 387, 407, 408, 411, 413, 419, 422, 433, 434, 437, 441, 442, 443, 449, 452, 453, 454, 460, 464, 467, 468, 469, 472, 474, 482, 483, 485, 488, 497, 498, 499, 500, 501, 503, 507, 516, 519, 521, 530, 536, 543, 545, 546, 551, 567, 570, 573, 579, 596, 599, 616, 624, 629, 632, 633, 660, 661, 662, 666, 670, 681, 683, 686]
68 76 [38]
98 100 [10, 37, 49, 126, 136, 190, 197, 245, 335, 387, 410, 437, 500, 553, 559]
180 183 [145, 190, 207, 255]
125 128 [207, 248, 310, 341, 456, 629]
0 4 [5, 14, 23, 32, 41, 50, 59, 68, 77, 86, 95, 104, 113, 117, 123, 132, 141, 150, 160, 169, 178, 187, 196, 205, 214, 223, 232, 241, 250, 259, 268, 277, 286, 295, 304, 313, 322, 331, 340, 349, 358, 367, 376, 385, 394, 403, 412, 421, 430, 439, 448, 457, 466, 475, 484, 493, 502, 511, 520, 529, 538, 547, 556, 565, 574, 583, 584, 592, 593, 601, 610, 619, 628, 637, 638, 646, 655, 664, 673, 685, 689]
90 93 [191, 209, 219, 225, 226, 231, 252, 301, 332, 354, 359, 417, 625, 629, 666]
16 21 [684]
58 60 [7, 37, 38, 42, 54, 64, 91, 94, 100, 103, 107, 116, 128, 156, 208, 240, 266, 325, 344, 387, 400, 420, 438, 460, 464, 485, 490, 509, 544, 557, 600, 635, 645, 672, 676]
63 71 [18, 37, 49]
48 52 [90]
132 135 [81, 97, 112, 126, 136, 163, 222, 238, 243, 261, 327, 434, 633]
122 125 [207, 246, 274, 298, 334, 368, 387, 453, 456, 488, 579]
157 160 [209, 225, 261, 456]
159 162 [126]
41 45 [137]
47 49 [10, 30, 72, 142]
43 45 [92, 183, 262, 355, 458, 557, 640]
119 121 [134]
30 35 [157, 158, 159, 161, 162, 163, 164, 166, 167, 168, 174, 175, 176, 179, 182, 183, 184, 190, 193, 194, 197, 199, 200, 202, 203, 208, 209, 210, 213, 215, 216, 218, 225, 226, 227, 228, 229, 231, 233, 235, 238, 240, 242, 244, 245, 248, 249, 252, 254, 255, 258, 260, 263, 266, 269, 270, 273, 282, 283, 284, 287, 288, 289, 290, 291, 293, 296, 297, 300, 301, 302, 303, 305, 307, 309, 310, 311, 314, 317, 320, 325, 326, 327, 328, 330, 337, 339, 341, 345, 347, 348, 350, 351, 352, 357, 360, 361, 364, 365, 366, 368, 369, 371, 373, 374, 375, 377, 378, 380, 381, 383, 386, 387, 393, 395, 397, 398, 400, 404, 405, 407, 408, 410, 411, 416, 419, 420, 424, 426, 429, 431, 432, 434, 435, 437, 438, 441, 443, 445, 447, 450, 452, 456, 458, 460, 463, 467, 468, 469, 470, 474, 477, 478, 479, 480, 481, 483, 485, 487, 488, 490, 494, 495, 501, 503, 506, 507, 510, 512, 513, 515, 516, 518, 519, 522, 523, 525, 526, 527, 528, 530, 531, 534, 536, 537, 540, 544, 546, 548, 549, 552, 558, 560, 567, 570, 572, 573, 576, 579, 580, 582, 584, 585, 586, 588, 589, 591, 593, 594, 596, 597, 599, 600, 603, 604, 607, 608, 609, 612, 613, 615, 616, 618, 622, 625, 627, 629, 630, 632, 635, 636, 639, 641, 642, 645, 649, 652, 654, 659, 660, 662, 663, 665, 666, 667, 669, 670, 672, 676, 678]
108 110 [163, 188, 338, 453, 460, 516, 579, 633]
87 90 [10, 37, 49, 63, 103, 116, 127, 162, 165, 166, 175, 176, 180, 182, 190, 191, 193, 197, 198, 204, 212, 222, 225, 226, 229, 243, 245, 248, 249, 252, 255, 261, 274, 281, 294, 298, 301, 317, 332, 338, 348, 354, 384, 387, 388, 411, 435, 437, 454, 458, 478, 481, 497, 503, 510, 513, 527, 552, 560, 590, 625, 650, 666, 684]
65 70 [162, 165, 175, 176, 179, 181, 182, 183, 185, 188, 189, 190, 193, 194, 195, 197, 200, 201, 206, 207, 208, 209, 210, 212, 215, 219, 222, 224, 225, 226, 229, 231, 235, 237, 238, 239, 240, 245, 246, 248, 249, 251, 252, 253, 255, 256, 257, 258, 261, 262, 270, 273, 280, 283, 287, 288, 293, 297, 298, 301, 307, 308, 310, 311, 321, 324, 328, 335, 337, 342, 347, 348, 351, 354, 355, 356, 357, 359, 370, 371, 374, 383, 387, 388, 395, 397, 404, 407, 410, 411, 414, 415, 417, 420, 422, 424, 427, 431, 435, 438, 445, 447, 453, 460, 461, 470, 477, 478, 480, 488, 489, 490, 503, 510, 513, 523, 524, 530, 544, 552, 553, 560, 563, 567, 569, 570, 579, 580, 590, 594, 602, 612, 620, 623, 625, 629, 639, 645, 649, 650, 652, 666, 672, 676]
135 137 [188, 221, 236, 243, 252, 263, 308, 357, 368, 460, 579, 633]
145 148 [235, 261, 337, 666]
191 196 [145]
122 127 [126]
20 22 [117, 118, 159, 164, 166, 170, 171, 173, 174, 188, 189, 191, 192, 194, 195, 198, 201, 202, 204, 206, 208, 209, 212, 219, 220, 222, 224, 226, 229, 230, 236, 237, 239, 240, 243, 244, 246, 247, 251, 256, 261, 262, 264, 267, 271, 272, 279, 281, 284, 285, 288, 291, 294, 296, 298, 299, 301, 303, 306, 308, 309, 311, 316, 317, 318, 319, 323, 328, 329, 332, 336, 339, 342, 348, 350, 352, 353, 356, 359, 362, 363, 365, 369, 370, 377, 379, 382, 383, 384, 388, 389, 396, 398, 399, 405, 406, 408, 411, 413, 415, 419, 422, 428, 433, 436, 441, 442, 444, 447, 451, 454, 455, 456, 458, 459, 464, 465, 468, 481, 485, 486, 488, 489, 490, 492, 496, 498, 500, 501, 503, 504, 507, 508, 510, 512, 521, 522, 532, 533, 536, 541, 544, 553, 555, 557, 560, 561, 563, 567, 584, 589, 590, 591, 594, 595, 597, 600, 603, 607, 609, 611, 613, 620, 623, 626, 631, 638, 643, 644, 647, 648, 650, 651, 654, 656, 657, 668, 674, 675, 677, 680]
155 157 [180, 209, 225, 238, 261, 308, 456]
76 79 [10, 30, 37, 40, 47, 63, 71, 76, 81, 92, 93, 97, 112, 116, 122, 126, 127, 129, 133, 134, 136, 137, 144, 145, 152, 156]
27 31 [54, 60, 71, 119, 155]
163 165 [225, 252, 255, 261]
140 145 [163, 179, 182, 193, 197, 207, 209, 222, 225, 235, 245, 246, 252, 255, 258, 261, 357, 456, 460, 666]
185 187 [190, 207, 255, 258, 261]
205 210 [182, 258]
49 52 [10, 30, 72, 142]
135 140 [81, 112, 126, 136, 145, 162, 163, 179, 180, 182, 197, 204, 207, 209, 222, 225, 245, 246, 248, 255, 258, 261, 337, 341, 456, 666]
85 88 [200, 307, 330, 357, 397, 420, 447, 460, 517, 553, 559, 612, 620]
26 28 [3, 11, 36, 38, 58, 64, 78, 82, 88, 89, 93, 138, 140, 142, 156, 682]
225 227 [182, 207, 258]
51 56 [684]
40 45 [157, 159, 161, 162, 163, 164, 165, 166, 172, 173, 174, 176, 179, 181, 182, 185, 186, 190, 192, 193, 195, 197, 199, 200, 201, 202, 203, 206, 207, 209, 211, 213, 216, 219, 220, 221, 222, 229, 231, 235, 237, 238, 240, 242, 243, 245, 246, 247, 248, 249, 252, 253, 254, 255, 256, 257, 258, 263, 266, 269, 270, 271, 273, 274, 278, 279, 281, 284, 287, 289, 290, 291, 293, 294, 297, 298, 299, 300, 303, 305, 307, 308, 309, 310, 311, 314, 316, 317, 318, 321, 324, 328, 329, 330, 332, 334, 336, 337, 339, 341, 342, 345, 347, 350, 351, 356, 359, 360, 362, 364, 368, 369, 370, 372, 373, 379, 380, 383, 384, 387, 388, 390, 391, 395, 396, 397, 398, 400, 404, 407, 408, 409, 410, 411, 413, 415, 417, 419, 422, 424, 425, 429, 431, 432, 433, 434, 435, 436, 437, 441, 443, 445, 446, 447, 450, 451, 453, 454, 455, 459, 463, 464, 467, 468, 469, 471, 474, 477, 479, 480, 481, 483, 485, 488, 489, 490, 494, 495, 497, 498, 499, 500, 501, 504, 506, 507, 508, 509, 510, 512, 513, 514, 516, 517, 521, 522, 524, 527, 531, 536, 537, 540, 546, 551, 552, 553, 555, 559, 560, 562, 566, 567, 570, 572, 573, 576, 577, 580, 582, 587, 588, 589, 591, 593, 600, 602, 603, 606, 609, 612, 613, 615, 618, 620, 622, 625, 626, 627, 630, 632, 633, 635, 642, 643, 645, 647, 649, 650, 652, 654, 660, 665, 667, 669, 672, 678, 680]
55 60 [6, 17, 18, 35, 40, 45, 47, 49, 60, 63, 71, 74, 78, 81, 84, 92, 93, 97, 98, 112, 122, 125, 126, 127, 133, 134, 145, 148, 152, 158, 159, 163, 165, 166, 175, 176, 179, 180, 181, 182, 183, 185, 186, 188, 189, 192, 193, 195, 197, 198, 204, 206, 207, 209, 210, 211, 212, 215, 222, 224, 225, 226, 231, 235, 237, 238, 242, 243, 244, 247, 248, 251, 252, 254, 255, 256, 257, 258, 261, 262, 263, 267, 270, 284, 287, 288, 290, 293, 294, 297, 298, 299, 301, 307, 308, 309, 310, 314, 316, 321, 324, 327, 328, 330, 334, 335, 336, 341, 348, 350, 354, 356, 357, 361, 362, 364, 365, 369, 370, 372, 374, 375, 378, 379, 380, 383, 390, 393, 397, 404, 407, 408, 409, 417, 425, 427, 431, 435, 441, 445, 447, 450, 454, 455, 456, 458, 459, 463, 468, 470, 481, 483, 489, 494, 498, 503, 504, 507, 508, 510, 513, 517, 524, 530, 536, 537, 548, 552, 553, 559, 563, 567, 569, 570, 576, 580, 582, 584, 586, 587, 589, 593, 594, 602, 606, 612, 613, 622, 625, 630, 632, 633, 642, 643, 647, 649, 652, 653, 666, 669]
200 202 [182, 190, 197, 255]
170 175 [179, 193, 207, 209, 252, 255, 261]
115 119 [156]
44 47 [6, 7, 10, 17, 18, 30, 35, 38, 40, 42, 45, 47, 49, 54, 60, 62, 63, 66, 70, 71, 72, 73, 76, 81, 84, 85, 91, 93, 98, 100, 102, 103, 105, 106, 107, 110, 112, 116, 122, 125, 126, 127, 128, 131, 133, 136, 138, 142, 144, 146, 148, 152, 155, 156, 688]
55 63 [30, 67, 70, 129, 137, 144]
197 200 [207, 245]
11 14 [684]
32 36 [127]
15 22 [391]
15 19 [42, 45, 127]
34 36 [7, 10, 11, 36, 58, 64, 83, 88, 93, 111, 126, 147]
167 170 [225, 261]
1 5 [440]
26 29 [0]
57 60 [13, 76, 162, 164, 168, 172, 173, 190, 191, 194, 200, 201, 203, 216, 219, 221, 229, 233, 236, 239, 245, 246, 249, 253, 273, 274, 280, 281, 283, 300, 303, 311, 315, 317, 318, 332, 337, 338, 342, 347, 351, 355, 359, 368, 371, 384, 388, 391, 395, 398, 405, 410, 411, 414, 415, 422, 424, 432, 434, 436, 437, 442, 451, 453, 461, 471, 474, 477, 478, 480, 488, 491, 497, 500, 514, 516, 523, 526, 527, 560, 577, 579, 590, 597, 608, 609, 618, 620, 623, 626, 629, 639, 650, 657, 665, 667, 679, 680]
103 106 [10]
180 182 [193, 197, 245, 337]
3 7 [2, 4, 10, 11, 18, 24, 30, 34, 35, 36, 37, 38, 39, 40, 43, 44, 47, 48, 49, 53, 55, 56, 58, 65, 66, 67, 70, 71, 72, 74, 76, 78, 79, 80, 81, 83, 88, 89, 90, 91, 92, 93, 94, 97, 98, 103, 107, 111, 112, 120, 121, 122, 124, 125, 126, 127, 129, 131, 133, 134, 136, 137, 138, 139, 140, 149, 152, 154, 155, 156, 158, 161, 162, 163, 167, 173, 179, 180, 182, 184, 186, 188, 190, 192, 193, 197, 198, 203, 204, 207, 209, 212, 213, 219, 220, 221, 222, 225, 229, 235, 236, 238, 239, 242, 243, 245, 246, 248, 252, 255, 258, 261, 263, 264, 273, 274, 276, 278, 291, 294, 305, 308, 329, 336, 343, 344, 372, 408, 422, 433, 434, 443, 452, 453, 469, 488, 516, 519, 521, 551, 566, 567, 570, 573, 579, 596, 599, 616, 624, 632, 633, 660, 661, 662, 666, 670]
35 40 [157, 158, 159, 161, 162, 164, 165, 166, 167, 172, 173, 174, 179, 182, 183, 184, 185, 186, 188, 190, 193, 197, 200, 201, 202, 203, 208, 209, 210, 211, 213, 219, 225, 227, 229, 231, 233, 235, 236, 238, 239, 240, 242, 245, 248, 252, 253, 254, 255, 256, 258, 263, 266, 267, 269, 271, 273, 274, 276, 281, 283, 284, 287, 289, 290, 291, 293, 294, 296, 297, 299, 300, 302, 303, 305, 307, 308, 309, 310, 311, 314, 315, 317, 320, 326, 330, 337, 338, 339, 341, 342, 344, 345, 348, 350, 356, 357, 361, 362, 364, 366, 368, 369, 370, 373, 374, 375, 378, 379, 380, 381, 382, 383, 386, 390, 391, 393, 395, 396, 397, 398, 400, 401, 404, 407, 410, 411, 413, 414, 415, 416, 417, 419, 420, 422, 424, 431, 432, 433, 434, 437, 438, 441, 442, 443, 447, 450, 452, 453, 455, 463, 467, 468, 469, 471, 474, 477, 479, 480, 481, 483, 488, 490, 494, 497, 499, 500, 501, 504, 506, 507, 509, 512, 514, 516, 519, 521, 522, 524, 526, 527, 528, 535, 536, 537, 541, 543, 544, 546, 548, 550, 551, 552, 555, 558, 560, 562, 563, 568, 570, 573, 576, 577, 580, 582, 586, 589, 590, 591, 593, 596, 599, 600, 604, 606, 608, 609, 612, 613, 615, 616, 618, 620, 625, 627, 632, 633, 635, 640, 642, 643, 645, 647, 649, 652, 653, 654, 659, 660, 662, 663, 665, 667, 669, 672, 676, 678, 680]
63 66 [10, 107, 136, 145, 684]
0 3 [34, 36, 39, 43, 44, 47, 53, 55, 56, 58, 72, 80, 83, 88, 89, 90, 91, 120, 121, 122, 124, 129, 131, 139, 149, 155, 161, 167, 184, 192, 213, 219, 220, 229, 264, 273, 275, 276, 278, 566]
71 74 [10, 97, 98, 134, 136]
9 12 [10, 18, 30, 38, 66, 74, 78, 98, 102, 105, 106, 125, 126, 136, 138]
53 55 [45, 216, 317, 414, 459, 557, 640, 676]
65 67 [158, 159, 163, 164, 168, 173, 180, 186, 191, 192, 198, 204, 211, 216, 221, 233, 236, 242, 243, 247, 263, 267, 274, 281, 284, 290, 294, 300, 303, 309, 314, 315, 316, 317, 318, 327, 330, 332, 334, 336, 338, 344, 350, 361, 364, 365, 368, 369, 372, 375, 379, 380, 384, 398, 408, 425, 434, 437, 442, 450, 451, 454, 456, 458, 463, 464, 468, 471, 474, 481, 483, 485, 494, 497, 498, 500, 504, 507, 514, 517, 536, 537, 557, 559, 576, 584, 587, 589, 593, 597, 608, 609, 613, 626, 630, 632, 633, 635, 643, 647, 653, 667, 680]
170 172 [190, 197, 225, 245, 258, 337]
60 63 [13, 18, 35, 37, 38, 40, 47, 49, 63, 71, 74, 76, 78, 81, 92, 93, 94, 97, 98, 103, 107, 112, 116, 122, 125, 126, 133, 134, 145, 152, 156, 211, 237, 290, 298, 316, 368, 395, 427, 451, 453, 463, 474, 544, 653]
58 63 [10]
87 91 [40]
7 15 [170, 180, 260, 271, 278, 301, 345, 381, 395, 429, 438, 452, 474, 531, 548, 561, 568, 577, 581, 603, 657, 663, 670, 674]
177 180 [190, 252]
77 80 [159, 166, 180, 185, 188, 191, 193, 200, 209, 212, 219, 222, 233, 235, 243, 248, 252, 261, 288, 294, 301, 310, 321, 328, 335, 341, 355, 357, 361, 372, 395, 407, 408, 425, 432, 434, 454, 478, 497, 517, 524, 559, 567, 570, 609, 630, 633, 643, 647, 649, 653]
140 142 [162, 180, 204, 236, 238, 243, 308, 310, 327, 337, 341, 434, 684]
4 6 [5, 14, 23, 41, 50, 59, 68, 77, 86, 95, 104, 113, 117, 123, 132, 141, 150, 160, 169, 178, 187, 196, 205, 214, 223, 232, 241, 250, 259, 268, 286, 295, 304, 313, 322, 331, 340, 349, 358, 367, 376, 385, 394, 403, 412, 430, 439, 448, 457, 466, 475, 484, 493, 502, 511, 520, 529, 538, 547, 556, 565, 574, 583, 592, 601, 610, 619, 628, 637, 646, 655, 664, 673, 685, 687, 689]
195 200 [190, 197]
87 92 [47, 81, 97, 112, 122, 126, 129, 136, 144, 156]
6 8 [117]
118 121 [684]
60 62 [164, 165, 172, 173, 186, 198, 201, 203, 204, 208, 216, 221, 229, 233, 236, 239, 246, 254, 256, 263, 266, 274, 280, 281, 284, 288, 299, 303, 318, 325, 327, 330, 338, 341, 342, 351, 355, 359, 362, 365, 370, 375, 379, 384, 387, 388, 391, 398, 400, 405, 409, 411, 415, 420, 422, 424, 425, 432, 434, 436, 437, 438, 441, 442, 450, 454, 455, 456, 458, 459, 461, 464, 471, 477, 480, 481, 485, 489, 490, 491, 497, 498, 500, 504, 508, 516, 524, 526, 527, 537, 548, 553, 563, 570, 576, 577, 579, 580, 582, 597, 600, 606, 608, 609, 620, 622, 626, 629, 630, 639, 642, 647, 649, 650, 657, 665, 669, 679, 680]
18 21 [106]
103 107 [103]
18 20 [7, 21, 31, 35, 43, 51, 57, 74, 78, 79, 82, 88, 89, 90, 91, 93, 96, 99, 117, 118, 144, 147, 149, 153, 154, 170, 208, 271, 366, 589, 633, 636, 688]
95 97 [165, 182, 188, 189, 194, 198, 200, 209, 212, 219, 226, 239, 243, 249, 255, 256, 284, 301, 311, 318, 321, 324, 328, 337, 348, 354, 355, 357, 359, 379, 384, 411, 415, 424, 425, 447, 481, 497, 503, 510, 513, 524, 527, 579, 580, 587, 625, 647, 666]
125 127 [163, 180, 191, 193, 222, 243, 246, 256, 261, 274, 308, 327, 334, 338, 387, 460, 488, 530, 567]
108 111 [40, 97, 112, 126, 127, 134, 136, 145, 156, 684]
48 51 [684]
100 102 [173, 194, 204, 212, 226, 239, 256, 258, 284, 297, 301, 311, 317, 318, 328, 332, 335, 355, 371, 387, 388, 408, 410, 415, 417, 424, 435, 447, 460, 488, 497, 503, 516, 517, 524, 559, 570, 579, 580, 587, 620, 625, 626]
90 95 [158, 163, 165, 173, 179, 180, 186, 189, 193, 200, 203, 204, 207, 221, 222, 235, 236, 238, 239, 242, 243, 246, 248, 256, 258, 263, 284, 294, 297, 307, 308, 310, 314, 317, 321, 324, 327, 330, 334, 335, 341, 357, 368, 371, 372, 397, 407, 408, 410, 422, 424, 434, 435, 437, 447, 453, 454, 456, 488, 490, 497, 500, 510, 524, 526, 530, 553, 559, 567, 570, 579, 608, 626, 633, 684]
88 90 [200, 307, 330, 357, 397, 420, 447, 460, 517, 553, 559, 612, 620]
205 207 [245]
39 43 [92]
55 57 [13, 76, 161, 162, 164, 168, 172, 173, 190, 191, 194, 200, 201, 203, 216, 219, 220, 221, 229, 233, 236, 239, 245, 246, 249, 253, 264, 273, 274, 276, 280, 281, 283, 291, 300, 303, 305, 311, 315, 317, 318, 329, 332, 337, 338, 339, 342, 347, 351, 355, 359, 360, 368, 371, 384, 388, 391, 395, 398, 405, 410, 411, 414, 415, 419, 422, 424, 432, 433, 434, 436, 437, 442, 443, 451, 453, 461, 467, 471, 474, 477, 478, 480, 488, 491, 497, 499, 500, 514, 516, 523, 526, 527, 541, 543, 546, 551, 560, 566, 573, 577, 579, 590, 597, 608, 609, 616, 618, 620, 623, 626, 629, 639, 640, 650, 657, 660, 662, 665, 667, 679, 680]
111 117 [81]
145 150 [179, 180, 182, 193, 207, 209, 225, 236, 238, 243, 245, 246, 252, 255, 258, 310, 434]
70 75 [162, 173, 175, 176, 179, 181, 182, 183, 185, 188, 189, 190, 191, 194, 198, 200, 201, 203, 206, 208, 210, 211, 215, 219, 225, 226, 229, 231, 235, 236, 238, 240, 245, 249, 251, 253, 255, 256, 258, 261, 262, 270, 273, 274, 280, 281, 287, 290, 297, 300, 301, 307, 310, 311, 318, 324, 334, 337, 338, 341, 342, 348, 351, 354, 357, 361, 368, 371, 374, 383, 384, 387, 388, 390, 397, 404, 407, 410, 411, 414, 415, 417, 420, 422, 424, 431, 432, 447, 450, 460, 461, 463, 470, 471, 477, 478, 480, 481, 489, 490, 500, 503, 510, 513, 523, 553, 559, 560, 567, 579, 580, 586, 587, 590, 597, 608, 609, 612, 620, 623, 625, 626, 629, 630, 643, 650, 666, 669, 676]
2 5 [244]
175 177 [179, 190, 252]
50 52 [7, 13, 81, 97, 102, 106, 107, 125, 134, 144, 145, 158, 172, 173, 175, 176, 188, 190, 199, 203, 204, 210, 213, 221, 229, 236, 239, 245, 249, 252, 253, 255, 256, 264, 278, 279, 281, 284, 288, 291, 311, 314, 315, 318, 325, 326, 332, 335, 337, 338, 341, 347, 348, 368, 369, 374, 379, 384, 387, 388, 395, 398, 400, 405, 411, 413, 417, 422, 428, 429, 432, 434, 437, 438, 442, 445, 446, 447, 451, 458, 460, 463, 468, 469, 474, 478, 490, 491, 500, 501, 503, 506, 507, 512, 513, 516, 519, 521, 522, 523, 527, 528, 536, 544, 552, 553, 555, 560, 563, 566, 568, 573, 576, 582, 590, 591, 597, 600, 603, 609, 613, 616, 620, 622, 623, 626, 627, 629, 635, 639, 642, 650, 652, 660, 662, 665, 666, 679, 688]
82 84 [10, 18, 40, 98, 136]
103 108 [40, 97, 112, 126, 127, 134, 136, 145, 156]
60 64 [127]
150 155 [182, 190, 207, 225, 235, 236, 238, 255, 258, 308, 310, 337, 341]
158 160 [179, 193, 197, 245, 252]
107 110 [173, 190, 198, 204, 239, 245, 258, 294, 298, 335, 337, 355, 397, 408, 411, 437, 488, 567, 666]
100 103 [10, 40, 81, 97, 103, 112, 126, 127, 134, 136, 145, 156, 158, 163, 182, 198, 246, 255, 274, 337, 368, 608, 666]
175 180 [182, 193, 207, 209, 255, 258, 261, 337]
127 130 [145, 156, 163, 180, 193, 222, 243, 246, 261, 274, 308, 327, 460]
30 32 [165, 170, 171, 172, 173, 180, 181, 186, 188, 189, 191, 192, 195, 198, 201, 204, 206, 211, 212, 219, 220, 221, 222, 224, 236, 237, 239, 243, 246, 247, 251, 253, 256, 257, 261, 262, 264, 267, 271, 274, 276, 278, 279, 280, 281, 285, 292, 294, 298, 299, 308, 312, 315, 316, 318, 321, 324, 329, 332, 333, 334, 335, 336, 338, 342, 344, 354, 355, 356, 359, 362, 370, 372, 379, 384, 388, 389, 390, 391, 401, 413, 414, 415, 417, 418, 422, 425, 427, 428, 433, 436, 442, 444, 446, 451, 453, 454, 455, 461, 464, 471, 473, 476, 489, 491, 497, 498, 499, 500, 504, 505, 508, 509, 514, 517, 521, 524, 535, 541, 542, 543, 550, 551, 553, 554, 555, 557, 559, 562, 563, 566, 568, 569, 575, 577, 581, 587, 590, 602, 605, 606, 611, 617, 620, 623, 626, 633, 640, 643, 647, 650, 651, 653, 656, 657, 677, 679, 680]
66 70 [684]
165 168 [182, 190, 255, 258, 337]
162 165 [182, 190, 193, 337]
52 55 [6, 7, 10, 13, 17, 30, 35, 37, 38, 40, 47, 49, 54, 60, 63, 64, 66, 67, 70, 71, 74, 76, 78, 81, 84, 91, 92, 97, 100, 103, 107, 112, 116, 122, 125, 126, 127, 128, 129, 133, 134, 136, 137, 144, 145, 156, 158, 172, 173, 175, 176, 188, 190, 203, 204, 210, 221, 229, 236, 239, 245, 246, 249, 252, 253, 255, 256, 264, 281, 284, 288, 291, 311, 314, 315, 318, 325, 332, 335, 337, 338, 341, 347, 348, 368, 369, 374, 379, 384, 387, 388, 395, 398, 400, 405, 411, 413, 417, 422, 432, 434, 437, 438, 442, 445, 447, 451, 458, 460, 463, 468, 474, 478, 490, 491, 500, 503, 507, 513, 516, 523, 527, 536, 544, 552, 553, 560, 563, 566, 573, 576, 582, 590, 597, 600, 609, 613, 616, 620, 622, 623, 626, 629, 635, 639, 642, 650, 652, 660, 662, 665, 666, 679]
190 193 [258]
28 32 [127, 684]
215 220 [182, 207, 245]
205 208 [207]
223 225 [258]
18 23 [58, 129, 140]
36 44 [85, 138]
23 28 [1, 2, 6, 7, 8, 9, 13, 15, 18, 19, 20, 21, 24, 26, 27, 30, 31, 34, 35, 37, 40, 44, 46, 47, 48, 55, 56, 57, 62, 65, 70, 72, 74, 75, 76, 79, 80, 81, 83, 84, 85, 90, 91, 92, 97, 100, 102, 105, 109, 120, 124, 126, 127, 129, 131, 133, 135, 136, 137, 143, 144, 145, 146, 147, 148, 152, 153, 684]
50 55 [94, 159, 161, 162, 163, 164, 165, 166, 168, 179, 180, 181, 182, 183, 185, 186, 189, 191, 192, 193, 194, 195, 197, 198, 200, 201, 206, 207, 208, 209, 211, 212, 215, 219, 220, 222, 224, 225, 226, 231, 233, 235, 237, 238, 240, 242, 243, 244, 247, 248, 251, 254, 257, 258, 261, 262, 263, 266, 267, 270, 273, 274, 276, 280, 283, 287, 290, 293, 294, 297, 298, 299, 300, 301, 303, 305, 307, 308, 309, 310, 316, 321, 324, 327, 328, 329, 330, 334, 336, 339, 342, 344, 350, 351, 354, 355, 356, 357, 359, 360, 361, 362, 364, 365, 370, 371, 372, 375, 378, 380, 383, 390, 391, 393, 397, 404, 407, 408, 409, 410, 415, 419, 420, 424, 425, 427, 431, 433, 435, 436, 441, 443, 450, 453, 454, 455, 456, 461, 464, 467, 470, 471, 477, 480, 481, 483, 485, 488, 489, 494, 497, 498, 499, 504, 508, 509, 510, 514, 517, 524, 526, 530, 537, 541, 543, 546, 548, 551, 559, 567, 569, 570, 577, 579, 580, 584, 586, 587, 589, 593, 594, 602, 606, 608, 612, 618, 625, 630, 632, 633, 643, 645, 647, 649, 653, 657, 667, 669, 672, 680]
60 65 [158, 159, 162, 163, 166, 168, 175, 176, 179, 180, 181, 182, 183, 185, 188, 189, 190, 191, 192, 193, 194, 195, 197, 200, 206, 207, 209, 210, 212, 215, 219, 222, 224, 225, 226, 231, 235, 238, 240, 242, 243, 244, 245, 247, 248, 249, 251, 252, 253, 255, 257, 258, 261, 262, 267, 270, 273, 283, 287, 293, 294, 297, 300, 301, 307, 308, 309, 310, 311, 314, 315, 317, 321, 324, 328, 332, 334, 335, 336, 337, 344, 347, 348, 350, 354, 356, 357, 361, 364, 369, 371, 372, 374, 378, 380, 383, 390, 393, 397, 404, 407, 408, 410, 414, 417, 431, 435, 445, 447, 460, 468, 470, 478, 483, 488, 494, 503, 507, 510, 513, 514, 517, 523, 530, 536, 552, 557, 559, 560, 567, 569, 584, 586, 587, 589, 590, 593, 594, 602, 612, 613, 618, 623, 625, 632, 633, 635, 643, 645, 652, 666, 667, 672, 676]
46 48 [684]
145 147 [190, 197, 222, 248, 308, 327, 341, 357, 456, 460]
208 210 [207]
190 192 [182, 209, 261]
55 61 [136]
19 21 [45]
195 197 [207, 245, 252, 261]
105 107 [173, 190, 198, 204, 231, 239, 245, 258, 284, 294, 298, 307, 335, 337, 355, 371, 397, 408, 411, 435, 437, 488, 490, 517, 526, 527, 559, 567, 587, 608, 666]
100 105 [162, 179, 180, 186, 188, 190, 191, 193, 197, 203, 207, 209, 221, 222, 225, 231, 235, 236, 238, 242, 243, 245, 248, 252, 261, 263, 294, 298, 307, 308, 310, 314, 327, 330, 334, 338, 341, 354, 357, 372, 397, 407, 411, 422, 434, 437, 453, 454, 456, 490, 500, 526, 527, 530, 553, 567, 629, 633]
73 75 [165, 168, 186, 221, 233, 257, 263, 317, 393, 434, 437, 438, 456, 527, 569, 602, 645, 649, 684]
159 164 [136, 145]
183 185 [190, 207, 255]
58 61 [66]
23 29 [94, 134, 688]
125 130 [162, 173, 179, 182, 186, 188, 190, 197, 203, 204, 209, 221, 225, 235, 236, 238, 242, 245, 252, 255, 258, 263, 337, 357, 368, 434, 437, 453, 579, 633, 666]
90 92 [10, 37, 49, 63, 103, 116, 127, 162, 166, 168, 175, 176, 182, 188, 190, 194, 197, 198, 212, 229, 245, 249, 255, 257, 261, 274, 281, 288, 290, 298, 311, 318, 328, 337, 338, 348, 355, 379, 383, 384, 387, 388, 393, 395, 398, 404, 411, 415, 425, 458, 460, 478, 481, 503, 513, 516, 517, 527, 560, 580, 587, 590, 594, 620, 647, 650]
121 124 [134]
83 85 [176, 191, 193, 198, 215, 239, 248, 280, 287, 310, 324, 338, 348, 397, 414, 435, 450, 478, 559, 590, 620, 625, 666]
65 68 [138, 166, 203, 341, 362, 378, 390, 393, 432, 516, 526, 527, 586, 669]
75 77 [159, 166, 180, 185, 188, 191, 193, 195, 200, 209, 210, 211, 212, 219, 222, 233, 235, 240, 243, 248, 252, 261, 288, 294, 301, 309, 310, 321, 328, 335, 341, 355, 357, 361, 365, 372, 374, 390, 395, 407, 408, 425, 432, 434, 438, 451, 454, 461, 463, 478, 480, 497, 517, 524, 537, 559, 563, 567, 570, 584, 586, 609, 630, 633, 643, 647, 649, 653]
15 21 [11, 134]
62 65 [164, 165, 173, 186, 198, 201, 203, 204, 208, 216, 221, 229, 233, 236, 239, 246, 256, 263, 274, 280, 281, 284, 288, 303, 318, 327, 330, 338, 341, 342, 351, 355, 359, 362, 365, 370, 375, 379, 384, 387, 388, 398, 411, 415, 420, 422, 424, 425, 432, 434, 437, 438, 441, 442, 450, 454, 456, 458, 461, 464, 471, 477, 480, 481, 485, 489, 490, 497, 498, 500, 504, 516, 524, 526, 527, 537, 553, 563, 570, 576, 579, 580, 597, 608, 609, 620, 626, 629, 630, 639, 647, 649, 650, 669, 680]
75 78 [175, 208, 215, 226, 242, 273, 314, 317, 327, 354, 388, 427, 445, 447, 623, 684]
92 95 [10, 37, 49, 81, 97, 103, 112, 126, 127, 136, 156, 162, 182, 188, 190, 194, 197, 198, 212, 245, 249, 255, 261, 274, 298, 311, 318, 328, 337, 338, 348, 355, 379, 384, 387, 388, 411, 415, 425, 460, 481, 503, 513, 516, 517, 527, 580, 587, 620, 647]
25 30 [157, 158, 161, 162, 165, 167, 168, 170, 172, 174, 175, 176, 180, 181, 182, 186, 188, 190, 191, 193, 197, 199, 200, 203, 207, 208, 210, 213, 215, 216, 218, 219, 221, 225, 227, 228, 231, 233, 235, 236, 238, 239, 242, 245, 248, 249, 252, 253, 254, 255, 258, 260, 261, 263, 266, 269, 270, 273, 274, 279, 280, 282, 283, 285, 287, 289, 290, 291, 292, 293, 296, 297, 300, 301, 302, 303, 305, 307, 310, 311, 314, 315, 320, 324, 325, 326, 327, 330, 333, 334, 337, 341, 342, 345, 347, 350, 357, 360, 361, 362, 364, 365, 366, 368, 371, 372, 373, 374, 377, 378, 379, 380, 381, 383, 386, 387, 390, 393, 395, 396, 397, 400, 404, 405, 406, 407, 409, 410, 411, 414, 416, 417, 420, 424, 425, 426, 427, 429, 431, 432, 434, 435, 437, 438, 442, 443, 445, 446, 450, 451, 452, 453, 456, 458, 461, 463, 469, 470, 474, 476, 477, 479, 480, 483, 490, 494, 495, 499, 505, 509, 513, 515, 516, 517, 518, 519, 521, 525, 526, 528, 530, 531, 534, 536, 540, 541, 543, 544, 548, 549, 551, 552, 557, 558, 560, 562, 566, 568, 569, 570, 572, 573, 575, 576, 579, 580, 581, 582, 585, 586, 587, 588, 589, 593, 594, 599, 600, 602, 607, 609, 611, 612, 613, 615, 616, 617, 618, 622, 625, 627, 629, 630, 632, 633, 635, 636, 639, 640, 642, 645, 649, 651, 652, 653, 656, 657, 659, 662, 665, 666, 667, 669, 672, 676, 677, 678, 679, 680]
12 14 [118]
1 4 [145, 687]
148 151 [112, 126, 136, 145]
6 10 [688]
31 34 [7, 10, 11, 36, 58, 64, 83, 88, 92, 93, 111, 126, 144, 145, 147]
79 82 [10, 18, 40, 98, 136]
167 173 [112]
103 105 [158, 163, 182, 198, 246, 255, 274, 337, 368, 608, 666]
110 115 [162, 163, 179, 180, 182, 190, 191, 197, 203, 207, 221, 225, 235, 238, 239, 242, 243, 245, 246, 248, 252, 255, 256, 261, 263, 274, 308, 310, 314, 327, 334, 335, 337, 341, 357, 387, 407, 408, 453, 456, 488, 500, 530, 567, 629, 666]
120 123 [162, 163, 179, 204, 209, 221, 242, 248, 327, 341, 434, 460, 530]
207 210 [245]
165 167 [225, 261, 310, 456]
113 115 [186, 193, 222, 258, 318, 437, 460, 503]
193 195 [258]
116 119 [40, 97, 103, 112, 126, 136, 145]
133 140 [684]
39 45 [134]
68 70 [166, 203, 341, 362, 378, 390, 393, 432, 516, 526, 527, 586, 669]
107 109 [103]
30 33 [185, 207, 382, 396, 409, 459]
138 140 [97, 186, 190, 193, 235, 238, 310, 327, 434]
111 119 [134]
51 55 [93]
71 76 [30, 37, 40, 47, 63, 66, 71, 74, 76, 78, 81, 92, 93, 112, 116, 122, 125, 126, 127, 129, 133, 137, 138, 144, 145, 152, 156]
106 108 [10, 684]
152 155 [179, 180, 193, 209, 243, 252, 261]
82 85 [166, 168, 180, 182, 200, 201, 209, 219, 221, 222, 225, 226, 235, 243, 252, 253, 255, 261, 274, 288, 294, 298, 308, 327, 328, 332, 357, 372, 388, 408, 425, 447, 454, 458, 470, 504, 510, 527, 552, 560, 570, 587, 609, 623, 633, 647, 650]
180 185 [182, 209, 252, 258, 261]
142 145 [180, 236, 238, 243, 308, 310, 327, 337, 341, 434]
112 115 [173, 188, 204, 209, 212, 236, 298, 311, 338, 355, 368, 372, 411, 422, 434, 454, 497, 579, 633]
170 173 [182]
117 119 [81]
162 164 [126]
0 5 [0, 1, 3, 7, 8, 12, 15, 16, 17, 20, 21, 22, 25, 26, 27, 28, 296, 297, 302, 323, 324, 353, 359, 365, 366, 369, 379, 381, 383, 384, 386, 388, 389, 390, 392, 393, 395, 396, 398, 399, 401, 402, 406, 410, 414, 415, 416, 446, 447, 462, 471, 479, 481, 504, 510, 512, 513, 515, 523, 524, 525, 528, 532, 533, 534, 537, 539, 540, 542, 550, 554, 555, 558, 560, 563, 667]
111 115 [156, 684]
167 172 [145]
135 138 [97, 186, 190, 193, 235, 238, 310, 327, 434]
147 150 [190, 197, 248, 308, 341, 456]
27 30 [159, 163, 164, 166, 171, 173, 179, 183, 184, 185, 189, 192, 194, 195, 198, 201, 204, 206, 209, 211, 212, 220, 222, 224, 226, 229, 237, 240, 243, 244, 246, 247, 251, 256, 257, 262, 264, 267, 271, 276, 278, 281, 284, 288, 294, 298, 299, 308, 312, 316, 317, 318, 321, 328, 329, 332, 335, 336, 338, 339, 344, 348, 351, 352, 354, 355, 356, 359, 369, 370, 375, 382, 384, 388, 391, 398, 408, 413, 415, 418, 419, 422, 423, 428, 433, 436, 441, 444, 447, 454, 455, 459, 460, 464, 467, 468, 471, 473, 478, 481, 485, 487, 488, 489, 491, 497, 498, 500, 501, 503, 504, 506, 507, 508, 510, 512, 514, 522, 523, 524, 527, 535, 537, 542, 546, 550, 553, 554, 555, 559, 563, 567, 577, 584, 590, 591, 596, 597, 603, 604, 605, 606, 608, 620, 623, 626, 641, 643, 647, 650, 654, 660, 663, 668]
