44 51[342]
188 189[182, 197, 209, 245, 252]
154 156[197, 243]
39 50[222, 301, 548]
186 187[112, 145]
8 12[1, 11, 24, 43, 48, 51, 54, 57, 75, 82, 83, 91, 100, 109, 128, 135, 140, 143, 151, 154]
109 115[188]
176 178[209, 261]
108 110[145, 163, 191, 209, 236, 255, 294, 308, 318, 338, 453, 454, 488, 516, 570, 633]
114 121[308, 327, 341]
123 127[97, 112, 126, 156]
64 72[294]
59 61[10, 18, 30, 35, 37, 66, 67, 74, 78, 93, 107, 116, 127, 137, 138, 144, 152, 163, 183, 209, 247, 298, 299, 321, 369, 390, 435, 436, 459, 488, 508, 567, 582, 613, 632, 643, 679, 680]
153 156[434]
56 58[210, 243, 267, 325, 362, 365, 383, 393, 408, 431, 441, 586, 587]
82 86[447]
5 16[290, 292, 309, 310, 351, 397, 417, 536, 540, 552]
157 159[112, 209, 261]
54 75[526]
191 193[190, 258]
63 65[138, 159, 165, 183, 209, 211, 226, 233, 283, 298, 301, 316, 318, 324, 327, 364, 374, 384, 441, 445, 451, 470, 474, 544, 563, 594, 602, 626, 632, 653]
131 66[156]
79 80[30, 49, 158, 162, 173, 175, 179, 182, 183, 190, 194, 219, 229, 231, 233, 236, 238, 239, 245, 249, 255, 256, 258, 270, 280, 281, 284, 297, 300, 307, 311, 318, 321, 332, 337, 342, 348, 351, 362, 368, 371, 379, 383, 384, 387, 398, 404, 411, 414, 415, 417, 420, 422, 424, 431, 432, 435, 450, 453, 458, 460, 471, 477, 488, 489, 490, 500, 503, 513, 516, 526, 527, 530, 553, 560, 579, 594, 602, 608, 609, 612, 620, 625, 626, 629, 645, 650, 652, 666, 676]
30 32[170, 172, 186, 191, 239, 292, 401, 406, 423, 427, 461, 476, 499, 505, 550, 551, 562, 575, 581, 617, 640, 651, 656, 663, 668, 684]
9 12[62, 74, 80, 102, 118, 125, 131, 144, 534, 541, 557, 585, 606, 677]
152 154[180, 209]
20 22[17, 29, 33, 34, 39, 43, 51, 72, 75, 83, 89, 90, 91, 97, 101, 127, 128, 143, 144, 146, 151, 154, 170, 188, 198, 212, 222, 261, 272, 291, 303, 311, 319, 353, 363, 383, 392, 396, 398, 399, 402, 444, 456, 465, 486, 503, 533, 579, 589, 595, 603, 613, 656, 658, 674, 682]
65 70[211, 594, 626]
19 36[189, 206, 237, 336, 356, 370]
6 19[185]
119 131[460]
111 112[127, 173, 354, 684]
113 119[314]
77 78[191, 301, 388, 447, 623, 684]
98 105[371]
5 40[332, 359, 458, 510]
19 20[4, 12, 17, 22, 25, 28, 29, 33, 34, 39, 52, 53, 61, 69, 72, 75, 85, 87, 97, 99, 101, 114, 115, 121, 125, 127, 128, 130, 139, 143, 146, 151, 158, 162, 165, 167, 168, 172, 175, 179, 182, 188, 197, 200, 207, 210, 211, 212, 213, 215, 216, 218, 221, 222, 225, 228, 231, 235, 238, 242, 245, 248, 249, 252, 258, 260, 261, 263, 266, 270, 273, 276, 278, 279, 280, 283, 287, 292, 293, 297, 303, 310, 314, 320, 324, 325, 326, 327, 330, 337, 338, 341, 344, 347, 354, 357, 360, 363, 364, 371, 373, 374, 378, 381, 383, 390, 395, 398, 399, 400, 404, 407, 414, 416, 423, 426, 431, 432, 434, 437, 441, 443, 446, 453, 456, 460, 461, 462, 465, 467, 470, 473, 477, 483, 486, 494, 495, 499, 503, 505, 506, 509, 513, 516, 518, 523, 525, 528, 535, 539, 542, 543, 546, 550, 551, 555, 559, 566, 571, 572, 576, 577, 582, 585, 586, 588, 593, 595, 596, 598, 602, 605, 608, 612, 613, 615, 617, 618, 622, 625, 629, 631, 632, 635, 639, 640, 641, 642, 644, 645, 649, 656, 660, 662, 663, 666, 669, 672, 674, 676, 678, 679]
112 113[173, 222, 684]
168 170[252, 255]
6 21[569]
100 103[158, 162, 179, 180, 186, 193, 198, 203, 207, 209, 221, 222, 225, 231, 235, 236, 238, 242, 248, 252, 261, 263, 294, 298, 308, 310, 314, 327, 330, 334, 338, 341, 354, 357, 372, 397, 407, 422, 434, 437, 454, 456, 490, 497, 526, 527, 530, 567, 608, 633]
175 178[112, 145, 182, 193, 255, 258, 337]
26 28[78, 138, 142, 144, 157, 183, 190, 193, 199, 202, 248, 254, 269, 279, 280, 289, 290, 305, 309, 357, 368, 389, 420, 438, 476, 479, 526, 540, 544, 585, 599, 617, 633, 651, 666, 678]
87 89[166, 176, 191, 229, 281, 288, 301, 335, 348, 384, 411, 478, 527, 560, 587, 590, 650]
129 145[238, 434]
59 89[454]
140 141[163, 246]
155 157[112, 180, 209, 238, 261, 308]
130 3[156]
83 86[330, 559]
122 128[684]
56 75[379, 458]
47 51[6, 10]
41 54[507]
50 52[13, 125, 134, 145, 198, 278, 279, 291, 325, 326, 395, 428, 438, 445, 446, 447, 463, 469, 474, 501, 506, 519, 521, 522, 527, 544, 555, 603, 616, 627, 642, 654, 660, 662, 679]
56 71[341]
76 77[191, 195, 211, 301, 374, 463, 580, 587]
14 18[288, 581]
159 162[112, 126, 136, 145]
124 125[180, 182, 190, 197, 203, 222, 225, 235, 236, 238, 245, 252, 255, 256, 274, 298, 310, 337, 338, 357, 567, 629, 666]
116 117[372]
5 7[0, 1, 2, 3, 4, 6, 7, 8, 9, 10, 11, 12, 13, 15, 16, 17, 18, 19, 20, 21, 22, 24, 25, 26, 27, 28, 29, 30, 31, 278, 279, 282, 326, 352, 377, 389, 428, 429, 446, 469, 473, 487, 501, 506, 512, 515, 518, 519, 521, 522, 525, 528, 534, 549, 555, 682]
56 70[471]
30 40[647]
112 116[236]
49 54[341, 369, 379, 458]
44 65[229, 490]
10 12[216, 325, 391, 551, 640, 660]
171 175[145]
41 50[362]
12 15[22, 82, 117, 381, 395, 557, 624]
225 227[182]
53 55[7, 10, 17, 18, 30, 35, 37, 45, 49, 64, 66, 67, 74, 78, 84, 93, 94, 98, 127, 129, 136, 138, 144, 145, 148, 156, 186, 190, 192, 216, 226, 290, 311, 348, 380, 413, 419, 434, 464, 557, 630, 640, 676]
156 158[136, 145, 197, 243, 245, 252]
77 79[18, 30, 49, 71, 81, 92, 93, 98, 103, 112, 116, 126, 136, 137, 144, 145, 152, 159, 180, 219, 233, 321, 432, 580, 587, 609, 633, 643]
84 105[503]
163 167[145]
135 138[81, 112, 126, 136, 145, 162, 180, 182, 186, 190, 197, 204, 222, 225, 245, 248, 255, 258, 261, 337, 341, 456]
190 193[197, 207, 245, 252, 255]
74 80[361]
96 99[179, 191, 242, 248, 379, 435, 626]
85 96[338]
38 42[189]
107 111[97, 136, 156]
52 56[325]
85 90[510, 666]
107 110[239, 335]
27 34[555]
38 41[181, 257, 262]
118 124[387]
11 13[6, 10, 13, 16, 26, 34, 36, 40, 42, 45, 49, 56, 58, 60, 63, 64, 66, 67, 71, 73, 76, 78, 79, 81, 90, 94, 98, 103, 106, 107, 110, 111, 112, 116, 119, 122, 126, 127, 133, 134, 142, 145, 148, 155, 156, 180, 184, 188, 204, 212, 222, 261, 298, 335, 338, 613, 633, 636, 650, 667, 688]
53 54[159, 161, 162, 163, 164, 165, 166, 168, 179, 180, 181, 182, 185, 189, 193, 195, 197, 200, 206, 207, 208, 209, 211, 212, 215, 220, 221, 222, 224, 225, 231, 233, 235, 237, 238, 240, 242, 243, 244, 245, 247, 248, 251, 254, 257, 258, 262, 263, 266, 267, 270, 274, 276, 280, 283, 287, 293, 294, 297, 298, 299, 300, 301, 303, 307, 308, 309, 310, 314, 316, 321, 324, 327, 328, 329, 330, 334, 336, 337, 339, 344, 347, 350, 351, 354, 355, 356, 357, 359, 360, 361, 362, 364, 370, 371, 372, 378, 390, 391, 393, 397, 404, 407, 408, 409, 410, 420, 424, 425, 427, 431, 433, 437, 443, 450, 453, 454, 455, 456, 459, 461, 467, 470, 471, 477, 480, 481, 483, 485, 488, 489, 494, 497, 498, 499, 504, 508, 509, 510, 517, 523, 524, 526, 530, 536, 537, 543, 546, 548, 559, 567, 569, 570, 577, 579, 580, 586, 587, 589, 593, 594, 602, 606, 608, 612, 618, 625, 629, 632, 633, 639, 643, 645, 647, 649, 653, 657, 667, 669, 672, 680]
220 222[245]
75 78[158, 162, 165, 173, 175, 176, 179, 181, 190, 194, 198, 200, 201, 204, 206, 208, 215, 225, 229, 231, 236, 238, 239, 245, 246, 249, 253, 255, 257, 258, 262, 270, 273, 274, 280, 281, 284, 287, 290, 297, 300, 307, 311, 318, 324, 330, 332, 337, 338, 342, 348, 351, 362, 368, 371, 379, 383, 384, 395, 398, 404, 407, 410, 411, 414, 415, 417, 420, 422, 427, 431, 435, 445, 450, 453, 458, 460, 470, 471, 477, 481, 488, 489, 490, 500, 503, 504, 513, 523, 526, 527, 530, 552, 553, 560, 569, 579, 590, 602, 608, 612, 620, 625, 626, 629, 645, 652, 653, 666, 669, 676]
67 71[37, 47, 71, 76, 81, 92, 103, 112, 122, 129, 134, 137]
178 179[112, 145, 182, 193, 209, 255, 258, 261, 337]
88 95[460]
179 180[182, 193, 209, 255, 258, 261, 337]
143 150[190]
55 56[47, 74, 127, 138, 348, 470, 513, 548, 606]
41 61[468]
59 63[13, 40, 47, 63, 70, 71, 76, 92, 97, 112, 129, 133, 626]
29 37[222]
29 33[517, 587, 605, 633]
52 54[13, 42, 47, 54, 91, 100, 125, 126, 128, 134, 194, 246, 284, 291, 342, 375, 395, 405, 415, 445, 447, 463, 474, 527, 573, 590, 616, 660]
44 70[281, 500]
105 107[127, 190, 204, 231, 239, 284, 294, 307, 311, 335, 355, 371, 408, 411, 435, 490, 517, 526, 527, 559, 567, 587, 608, 633]
45 55[335]
192 194[261]
72 73[38, 684]
59 60[6, 17, 42, 45, 49, 54, 60, 64, 81, 84, 98, 100, 122, 125, 126, 128, 134, 148, 159, 162, 165, 166, 168, 175, 176, 179, 180, 181, 182, 185, 188, 189, 192, 193, 195, 197, 206, 207, 211, 212, 215, 222, 224, 225, 226, 231, 235, 237, 238, 242, 243, 244, 248, 251, 252, 254, 255, 257, 258, 261, 262, 280, 287, 290, 293, 294, 297, 301, 307, 308, 309, 310, 311, 314, 316, 324, 327, 328, 330, 334, 335, 336, 348, 350, 354, 356, 357, 361, 364, 372, 374, 378, 380, 391, 397, 404, 405, 407, 408, 409, 425, 427, 445, 447, 450, 461, 463, 470, 474, 483, 494, 503, 504, 510, 513, 517, 530, 536, 548, 552, 559, 569, 577, 584, 586, 587, 589, 593, 594, 606, 612, 622, 625, 630, 633, 635, 642, 645, 649, 652, 666, 684]
117 120[180, 188, 209, 335]
39 41[128, 193, 199, 206, 219, 320, 362, 366, 373, 382, 386, 416, 432, 443, 468, 479, 507, 524, 560, 587, 596, 609, 684]
6 16[589, 594]
75 76[37, 38, 40, 66, 74, 78, 125, 133, 138, 183, 197, 226, 256, 397, 437, 516, 594, 597, 650]
11 15[115]
61 67[680]
19 24[181, 306, 680]
52 59[679]
66 69[127, 136, 165, 410, 563]
104 120[437]
85 101[197]
35 36[1, 2, 11, 19, 24, 42, 47, 48, 65, 67, 79, 90, 102, 111, 140, 142, 151, 154, 158, 352, 419, 530, 568, 605]
26 32[680]
159 161[255]
99 100[37, 49, 145, 156, 158, 162, 179, 186, 191, 193, 194, 203, 207, 212, 221, 222, 226, 235, 236, 238, 239, 242, 243, 248, 263, 294, 297, 308, 310, 314, 317, 327, 328, 330, 332, 334, 338, 341, 372, 379, 397, 407, 417, 434, 435, 447, 454, 456, 527, 530, 567, 580, 608, 620, 626, 633]
38 39[1, 42, 47, 64, 67, 102, 142, 151, 157, 159, 162, 164, 166, 172, 174, 175, 179, 182, 183, 184, 186, 190, 193, 197, 199, 200, 203, 206, 208, 209, 210, 211, 219, 225, 227, 229, 231, 233, 235, 238, 239, 240, 242, 245, 248, 252, 254, 255, 258, 263, 266, 267, 269, 271, 273, 274, 276, 281, 283, 284, 287, 289, 290, 291, 293, 296, 297, 299, 300, 302, 303, 305, 307, 309, 310, 311, 314, 315, 317, 320, 326, 330, 337, 338, 339, 341, 342, 344, 347, 348, 350, 357, 361, 364, 366, 368, 369, 370, 373, 374, 375, 378, 379, 380, 381, 382, 383, 386, 387, 390, 391, 393, 395, 396, 397, 398, 400, 401, 404, 407, 410, 411, 413, 414, 415, 416, 417, 420, 422, 424, 427, 431, 433, 434, 438, 441, 442, 443, 447, 450, 452, 453, 455, 463, 467, 468, 469, 471, 474, 477, 479, 480, 481, 483, 488, 490, 494, 497, 499, 501, 506, 507, 509, 512, 514, 516, 519, 521, 522, 524, 526, 527, 528, 535, 536, 537, 541, 543, 544, 546, 548, 550, 551, 552, 555, 558, 560, 562, 570, 573, 576, 577, 580, 582, 584, 586, 589, 590, 591, 593, 596, 599, 600, 604, 606, 608, 609, 612, 615, 616, 618, 625, 627, 629, 632, 635, 640, 642, 643, 645, 649, 652, 654, 659, 660, 662, 663, 669, 672, 676, 678, 680]
98 103[684]
43 55[582]
131 136[97]
54 65[303, 342, 415, 420, 629]
42 47[7, 49, 103]
213 215[245]
19 40[195, 329, 489, 498, 508]
85 106[182]
4 6[5, 14, 23, 32, 50, 59, 68, 71, 76, 77, 92, 93, 95, 98, 104, 113, 123, 132, 133, 137, 141, 150, 152, 157, 160, 161, 162, 163, 169, 170, 171, 175, 176, 178, 184, 185, 188, 189, 190, 192, 196, 199, 200, 201, 204, 205, 207, 214, 223, 229, 231, 232, 233, 234, 241, 247, 250, 259, 261, 268, 273, 277, 286, 295, 304, 313, 322, 331, 340, 349, 358, 367, 376, 385, 394, 403, 412, 421, 430, 439, 448, 457, 466, 475, 484, 493, 502, 511, 520, 529, 538, 547, 556, 565, 566, 567, 568, 569, 573, 574, 575, 576, 578, 579, 583, 588, 589, 592, 593, 594, 595, 601, 602, 603, 607, 608, 610, 616, 617, 619, 620, 621, 622, 624, 628, 632, 633, 636, 637, 639, 646, 655, 661, 663, 664, 665, 666, 673, 679, 685, 686, 687, 689]
15 25[285, 575]
19 33[436]
95 98[10, 37, 40, 49, 81, 97, 103, 112, 126, 127, 134, 136, 145, 156, 158, 162, 163, 173, 186, 193, 194, 207, 221, 222, 235, 236, 238, 246, 258, 263, 274, 294, 297, 298, 307, 308, 310, 314, 317, 327, 330, 332, 334, 341, 368, 372, 388, 397, 407, 410, 417, 422, 434, 437, 453, 454, 456, 460, 490, 516, 517, 526, 530, 553, 567, 570, 608, 620, 629, 633, 684]
6 13[157, 162, 189, 190, 575, 576, 579, 588, 617, 621, 632]
116 119[136, 173, 500]
100 102[97, 126, 136, 145, 156, 163, 194, 212, 226, 239, 297, 301, 311, 317, 318, 328, 332, 335, 355, 408, 410, 415, 417, 424, 435, 447, 517, 580, 587, 620, 625, 626]
78 90[226]
23 25[29, 33, 39, 42, 43, 51, 101, 134, 151, 154, 165, 180, 198, 226, 227, 246, 254, 302, 317, 333, 424, 441, 447, 463, 536, 549, 563, 603, 611, 627, 644, 648, 651, 670, 675]
52 55[198, 201, 438, 544, 642, 662]
30 60[623]
104 105[127, 162, 179, 180, 186, 191, 193, 203, 207, 221, 222, 225, 231, 235, 238, 242, 243, 248, 252, 261, 263, 307, 308, 310, 314, 327, 330, 334, 338, 341, 357, 407, 408, 422, 434, 435, 454, 456, 490, 517, 527, 530, 553, 567, 570, 587]
74 75[18, 37, 40, 47, 49, 63, 71, 74, 78, 81, 92, 93, 98, 103, 112, 116, 122, 125, 126, 129, 133, 136, 137, 144, 145, 152, 156, 159, 162, 165, 175, 176, 179, 181, 183, 190, 194, 198, 200, 201, 206, 210, 215, 225, 229, 231, 236, 238, 240, 245, 249, 255, 257, 258, 274, 280, 281, 287, 290, 297, 300, 307, 311, 318, 324, 337, 338, 342, 348, 351, 362, 365, 368, 371, 383, 384, 388, 390, 398, 404, 407, 410, 411, 414, 415, 417, 420, 431, 432, 435, 447, 450, 451, 460, 461, 470, 471, 477, 478, 480, 489, 490, 500, 503, 513, 523, 530, 537, 552, 560, 563, 579, 584, 586, 590, 597, 608, 609, 612, 620, 623, 625, 626, 629, 630, 643, 652, 666, 676]
206 207[190]
103 115[298]
74 79[127, 134, 188]
127 129[246, 274]
61 62[299, 321, 436, 459, 491, 508, 567, 582, 679]
27 29[11, 13, 16, 18, 30, 38, 43, 45, 49, 54, 58, 67, 85, 91, 94, 97, 98, 100, 106, 111, 125, 126, 127, 128, 131, 134, 140, 145, 148, 156, 198, 222, 239, 245, 261, 274, 317, 342, 391, 424, 447, 460, 517, 570, 580, 587, 600, 684, 688]
28 29[158, 161, 162, 167, 168, 170, 172, 174, 175, 176, 182, 190, 193, 197, 199, 200, 203, 207, 208, 210, 213, 215, 216, 218, 221, 225, 227, 231, 233, 235, 238, 242, 248, 249, 252, 255, 258, 260, 263, 266, 270, 273, 276, 280, 282, 283, 285, 287, 290, 291, 292, 293, 296, 297, 300, 301, 302, 303, 305, 307, 310, 311, 314, 320, 324, 325, 326, 327, 330, 333, 334, 337, 341, 345, 347, 350, 354, 357, 360, 361, 362, 364, 366, 368, 371, 373, 374, 377, 378, 380, 381, 383, 386, 387, 390, 393, 395, 396, 397, 400, 401, 404, 407, 409, 411, 414, 416, 417, 420, 426, 427, 429, 431, 432, 434, 437, 438, 443, 445, 446, 450, 453, 456, 461, 469, 470, 474, 476, 479, 480, 483, 487, 490, 494, 495, 499, 505, 506, 509, 513, 515, 516, 518, 519, 523, 525, 526, 528, 530, 531, 534, 540, 541, 543, 544, 548, 549, 550, 551, 552, 558, 562, 566, 568, 569, 572, 575, 576, 578, 579, 581, 582, 586, 588, 589, 593, 594, 596, 599, 602, 605, 607, 612, 615, 616, 617, 618, 622, 625, 627, 629, 630, 632, 633, 635, 636, 639, 640, 642, 645, 649, 652, 653, 656, 657, 659, 662, 665, 666, 667, 669, 672, 676, 679]
88 89[163, 168, 173, 179, 186, 189, 200, 203, 207, 221, 231, 236, 242, 256, 257, 258, 263, 284, 290, 297, 311, 314, 318, 324, 327, 328, 337, 341, 359, 368, 371, 372, 379, 383, 393, 395, 398, 404, 410, 415, 417, 422, 424, 434, 453, 456, 490, 500, 516, 517, 524, 526, 530, 567, 570, 579, 580, 594, 608, 626, 629, 633, 647]
59 85[647]
64 75[158, 180, 309, 330]
47 55[600, 652]
113 125[246]
5 12[432, 461, 495]
64 65[127, 162, 166, 168, 175, 176, 179, 181, 182, 188, 189, 190, 192, 194, 195, 197, 200, 206, 207, 210, 212, 215, 219, 222, 224, 225, 231, 235, 237, 238, 245, 248, 249, 252, 255, 257, 258, 261, 262, 267, 270, 287, 293, 297, 307, 310, 311, 314, 315, 336, 337, 347, 348, 350, 354, 356, 357, 361, 362, 365, 371, 375, 378, 380, 383, 393, 397, 404, 407, 410, 414, 417, 431, 442, 447, 464, 468, 483, 485, 513, 514, 523, 530, 536, 552, 557, 559, 560, 569, 586, 589, 590, 593, 597, 612, 613, 623, 645, 652, 666, 672, 676]
7 9[10, 18, 22, 30, 38, 47, 49, 62, 63, 66, 71, 72, 73, 74, 76, 78, 80, 85, 87, 90, 92, 93, 98, 102, 105, 106, 110, 115, 116, 122, 125, 126, 129, 131, 133, 136, 137, 138, 142, 144, 145, 146, 152, 155, 170, 171, 199, 213, 228, 260, 278, 279, 282, 326, 352, 377, 389, 428, 429, 446, 469, 473, 487, 501, 506, 512, 515, 518, 519, 521, 522, 525, 528, 534, 549, 555, 568, 585, 591, 603, 607, 611, 627, 641, 654, 677, 682]
78 80[165, 191, 197, 198, 203, 204, 207, 208, 246, 253, 273, 287, 290, 301, 330, 334, 354, 388, 395, 397, 410, 445, 447, 456, 623, 649, 653, 684]
173 175[112, 182]
10 26[544]
209 210[182, 258]
49 60[650]
68 70[66, 97, 125, 138, 156, 166, 189, 293, 324, 362, 390, 393, 404, 432, 435, 438, 445, 489, 527, 586, 643, 669]
208 209[182, 258]
3 21[659]
56 57[138, 246, 284, 321, 348, 388, 395, 541, 566]
173 180[207]
43 60[665]
58 65[576]
16 25[362]
179 181[112, 145]
3 5[2, 3, 4, 6, 7, 8, 9, 10, 11, 12, 13, 15, 16, 17, 18, 19, 20, 21, 22, 24, 25, 26, 27, 28, 29, 30, 31, 41, 86, 187, 278, 279, 280, 281, 282, 283, 284, 285, 287, 288, 289, 290, 291, 292, 293, 294, 296, 297, 298, 299, 300, 301, 302, 303, 305, 306, 307, 308, 309, 310, 311, 312, 314, 315, 316, 317, 318, 319, 320, 321, 323, 324, 325, 326, 327, 328, 329, 330, 332, 333, 334, 335, 336, 337, 338, 339, 341, 342, 343, 344, 345, 346, 347, 348, 350, 351, 352, 353, 354, 355, 356, 357, 359, 360, 361, 362, 363, 364, 365, 366, 368, 369, 370, 371, 372, 373, 374, 375, 377, 378, 379, 380, 381, 382, 383, 384, 386, 387, 388, 389, 390, 391, 392, 393, 395, 396, 397, 398, 399, 400, 401, 402, 404, 405, 406, 407, 408, 409, 410, 411, 413, 414, 415, 416, 417, 418, 419, 420, 422, 423, 424, 425, 426, 427, 428, 429, 431, 432, 433, 434, 435, 436, 437, 438, 440, 441, 442, 443, 444, 445, 446, 447, 449, 450, 451, 452, 453, 454, 455, 456, 458, 459, 460, 461, 462, 463, 464, 465, 467, 468, 469, 470, 471, 472, 473, 474, 476, 477, 478, 479, 480, 481, 482, 483, 485, 486, 487, 488, 489, 490, 491, 492, 494, 495, 496, 497, 498, 499, 500, 501, 503, 504, 505, 506, 507, 508, 509, 510, 512, 513, 514, 515, 516, 517, 518, 519, 521, 522, 523, 524, 525, 526, 527, 528, 530, 531, 532, 533, 534, 535, 536, 537, 539, 540, 541, 542, 543, 544, 545, 546, 548, 549, 550, 551, 552, 553, 554, 555, 557, 558, 559, 560, 561, 562, 563, 564]
111 114[40, 81, 97, 103, 112, 126, 134, 136, 145, 191, 567]
103 106[10, 40, 97, 103, 112, 126, 134, 136, 145, 156, 497, 500]
37 40[198, 246, 270, 321, 408, 437, 446, 602, 636]
213 214[182, 207, 258]
21 35[315, 321, 471, 514, 524, 537]
54 57[461]
49 56[365]
13 40[650]
21 23[0, 1, 8, 11, 13, 16, 18, 19, 24, 36, 37, 38, 42, 45, 47, 49, 54, 56, 58, 60, 63, 66, 67, 71, 73, 79, 92, 94, 98, 102, 103, 105, 106, 107, 110, 112, 116, 119, 122, 126, 129, 134, 138, 140, 142, 145, 147, 148, 155, 156, 157, 186, 190, 193, 199, 254, 255, 302, 307, 312, 334, 335, 351, 361, 368, 380, 387, 393, 397, 410, 417, 420, 424, 450, 463, 474, 476, 519, 526, 530, 540, 548, 549, 552, 554, 569, 599, 627, 633, 636, 659, 671, 688]
224 225[182]
121 122[314, 407, 684]
39 43[34, 43, 62, 74, 78, 80]
194 195[145, 197, 245, 252, 255, 261]
2 4[0, 1, 52, 151, 613, 635, 667]
131 135[126, 136]
3 34[253, 256]
59 65[351, 370, 388, 480]
49 75[332]
89 92[384]
51 60[219, 514]
79 82[10, 18, 37, 40, 63, 71, 76, 81, 92, 93, 97, 98, 103, 112, 116, 122, 126, 127, 129, 133, 134, 136, 137, 144, 145, 152, 156, 338, 504, 523, 590]
24 29[398, 473, 542, 606]
6 14[192, 593]
74 76[10, 97, 163, 182, 191, 195, 207, 211, 251, 301, 308, 354, 374, 387, 424, 463, 580, 587]
81 84[188, 342, 369, 395, 597, 684]
18 25[406]
134 138[221]
98 100[97, 126, 136, 163, 225, 231, 252, 298, 307, 335, 408, 410, 422, 437, 490, 517, 524, 526, 570, 629]
88 91[40, 136, 235, 239, 307, 310, 447]
51 52[47, 54, 62, 72, 73, 80, 85, 90, 91, 100, 102, 105, 106, 110, 126, 128, 131, 142, 146, 155, 194, 199, 201, 213, 246, 342, 375, 415, 429, 512, 528, 568, 590, 591, 688]
89 110[337]
160 162[235, 236, 243, 341]
151 153[197, 245]
73 76[168, 189, 203, 334]
25 28[158, 161, 162, 167, 168, 170, 172, 174, 175, 176, 182, 197, 200, 203, 207, 208, 210, 211, 213, 215, 216, 218, 221, 225, 227, 228, 231, 233, 235, 238, 242, 249, 252, 255, 258, 260, 263, 266, 270, 273, 276, 282, 283, 285, 287, 291, 292, 293, 296, 297, 300, 301, 302, 303, 307, 310, 311, 314, 320, 324, 325, 326, 327, 330, 333, 334, 337, 341, 344, 345, 347, 350, 354, 360, 361, 362, 364, 366, 371, 373, 374, 377, 378, 380, 381, 383, 386, 387, 390, 393, 395, 396, 397, 400, 401, 404, 406, 407, 409, 411, 414, 416, 417, 423, 426, 427, 429, 431, 432, 434, 437, 443, 444, 445, 446, 450, 453, 456, 461, 469, 470, 474, 480, 483, 487, 490, 494, 495, 499, 505, 506, 509, 513, 515, 516, 518, 519, 523, 525, 528, 530, 531, 534, 541, 543, 546, 548, 549, 550, 551, 552, 558, 562, 566, 568, 569, 572, 575, 576, 578, 579, 581, 582, 586, 588, 589, 593, 594, 596, 602, 603, 605, 607, 612, 615, 616, 618, 622, 625, 627, 629, 630, 632, 635, 636, 639, 640, 642, 645, 649, 652, 653, 656, 657, 659, 662, 665, 667, 669, 670, 672, 676, 679]
15 35[299, 433]
54 64[355, 359]
5 33[318, 355, 384, 388, 454]
14 19[233, 532, 561]
114 116[162, 197, 221, 252, 372]
32 40[191]
28 35[389]
40 44[168, 280, 327, 523, 579, 639]
10 19[315, 514]
88 100[355]
115 118[179, 182, 186, 190, 191, 203, 204, 212, 225, 235, 238, 242, 243, 245, 248, 255, 256, 261, 263, 274, 310, 334, 337, 338, 357, 387, 407, 456, 460, 530, 567, 579, 629, 633]
69 79[212, 314]
7 12[4, 52, 70, 96, 99, 114, 121, 139, 149]
49 52[284, 573]
101 102[204, 379, 388, 488, 524]
44 47[54, 85, 100, 138]
15 22[348]
145 148[179, 180, 182, 193, 207, 235, 238, 245, 246, 252, 258, 310, 434, 666]
112 114[212, 311, 335, 338, 355, 372, 411, 422, 454, 497]
61 75[369]
16 29[328, 501, 507]
82 85[40, 126, 136, 166, 458]
50 73[516]
1 4[117, 682, 684, 688]
19 25[174, 177, 203, 296, 350, 377, 480, 490, 594]
1 3[2, 3, 4, 6, 7, 9, 10, 11, 12, 13, 17, 18, 19, 21, 22, 24, 25, 28, 29, 30, 31, 279, 280, 282, 283, 284, 285, 287, 289, 290, 291, 292, 293, 294, 296, 297, 298, 299, 300, 301, 302, 303, 305, 306, 307, 308, 309, 310, 311, 312, 314, 315, 316, 317, 318, 319, 320, 321, 323, 324, 325, 326, 327, 328, 329, 330, 332, 333, 334, 335, 336, 337, 338, 339, 341, 342, 343, 344, 345, 346, 347, 348, 350, 351, 352, 353, 354, 355, 356, 357, 359, 360, 361, 362, 363, 364, 365, 366, 368, 369, 370, 371, 372, 373, 374, 375, 377, 378, 379, 380, 381, 382, 383, 384, 386, 387, 388, 389, 390, 391, 392, 393, 395, 396, 397, 398, 399, 400, 401, 402, 404, 405, 406, 407, 408, 409, 410, 411, 413, 414, 415, 416, 417, 418, 419, 420, 423, 424, 426, 427, 428, 429, 431, 432, 433, 434, 435, 436, 437, 438, 440, 441, 442, 443, 444, 445, 446, 447, 449, 450, 451, 452, 453, 454, 455, 456, 458, 459, 460, 461, 462, 463, 464, 465, 467, 468, 469, 470, 471, 472, 473, 474, 476, 477, 478, 479, 480, 481, 482, 483, 485, 486, 487, 488, 489, 490, 491, 492, 494, 495, 496, 497, 498, 499, 500, 501, 503, 504, 505, 506, 507, 508, 509, 510, 512, 513, 514, 515, 516, 517, 518, 519, 521, 522, 523, 524, 525, 526, 527, 528, 530, 531, 532, 533, 534, 535, 536, 537, 539, 540, 541, 542, 543, 544, 545, 546, 548, 549, 550, 551, 552, 553, 554, 555, 557, 558, 559, 560, 561, 562, 563, 564, 567, 568, 569, 570, 571, 572, 573, 575, 577, 578, 579, 580, 581, 582, 584, 585, 586, 587, 588, 590, 591, 594, 595, 596, 597, 598, 599, 600, 602, 603, 604, 605, 606, 607, 608, 609, 611, 612, 614, 615, 616, 617, 618, 620, 621, 622, 623, 624, 625, 626, 627, 629, 630, 631, 632, 633, 634, 636, 638, 639, 640, 641, 642, 643, 644, 645, 647, 648, 649, 650, 651, 652, 653, 654, 656, 657, 658, 659, 660, 661, 662, 663, 665, 666, 668, 669, 670, 671, 672, 674, 675, 676, 677, 678, 679, 680, 681]
146 147[112, 126, 136, 145, 163, 460]
35 37[8, 15, 16, 17, 18, 20, 27, 30, 35, 37, 38, 44, 45, 49, 56, 74, 78, 84, 85, 88, 92, 93, 94, 97, 105, 106, 125, 129, 134, 137, 138, 144, 145, 148, 152, 194, 207, 215, 228, 246, 260, 270, 280, 282, 318, 321, 328, 351, 384, 388, 389, 405, 408, 428, 435, 437, 446, 451, 470, 487, 513, 515, 525, 534, 540, 549, 572, 585, 594, 602, 622, 636, 641, 666, 670, 677]
95 97[165, 189, 198, 200, 212, 219, 226, 239, 243, 249, 256, 301, 311, 321, 324, 328, 335, 348, 359, 384, 411, 415, 425, 447, 510, 513, 527, 580, 647]
152 155[261]
54 56[243, 246, 267, 284, 321, 341, 362, 369, 379, 388, 393, 395, 408, 431, 435, 458, 471, 507, 553, 563, 566, 586, 587]
36 40[253, 256, 308, 500]
84 85[158, 163, 173, 179, 183, 207, 208, 219, 231, 236, 249, 258, 273, 281, 284, 290, 297, 300, 301, 311, 318, 321, 337, 341, 342, 351, 359, 368, 369, 371, 379, 393, 395, 398, 404, 410, 415, 417, 420, 422, 424, 434, 445, 456, 460, 471, 488, 489, 490, 500, 504, 516, 524, 526, 527, 530, 553, 560, 567, 570, 579, 597, 608, 609, 612, 623, 626, 629, 630, 653, 676]
106 107[40, 97, 103, 112, 126, 134, 136, 145, 156]
74 91[357]
16 34[500]
101 106[453]
5 24[365, 379, 451, 560]
64 90[408]
83 90[198, 317]
8 11[6, 16, 26, 34, 36, 42, 45, 60, 64, 79, 111, 119, 148]
24 33[278]
64 71[317, 334]
51 53[7, 10, 17, 18, 30, 35, 37, 45, 49, 64, 66, 67, 74, 78, 84, 93, 94, 98, 127, 129, 136, 138, 144, 148, 156, 186, 240, 243, 380, 383, 419, 443, 464, 471, 541, 640, 684]
133 140[179, 252, 357, 460]
84 100[354]
19 30[240, 419, 597, 654]
62 66[650]
74 90[294]
71 74[10, 18, 37, 40, 47, 49, 63, 71, 74, 78, 81, 92, 93, 97, 98, 103, 112, 116, 122, 126, 127, 129, 133, 134, 136, 137, 144, 145, 152, 156, 198, 424, 597, 609, 643]
175 177[179]
66 73[321, 355]
89 91[166, 176, 180, 188, 189, 203, 359, 629]
57 65[432]
16 20[108, 269, 272, 282, 438, 479, 527, 562, 607]
55 80[434]
113 121[163]
6 30[229]
17 19[4, 9, 19, 24, 28, 33, 42, 53, 54, 61, 65, 67, 70, 75, 85, 100, 101, 109, 114, 121, 127, 128, 130, 135, 138, 139, 143, 151, 162, 179, 190, 197, 207, 221, 242, 248, 254, 258, 276, 283, 292, 307, 309, 320, 323, 326, 327, 329, 334, 336, 347, 356, 357, 360, 363, 368, 374, 375, 380, 381, 387, 395, 398, 400, 410, 415, 424, 425, 426, 434, 437, 441, 453, 463, 476, 480, 517, 523, 530, 535, 572, 573, 577, 580, 587, 588, 593, 594, 597, 599, 615, 617, 632, 643, 656, 676, 677, 680]
15 41[316]
208 210[207]
123 124[40, 134, 136, 182, 186, 190, 191, 193, 197, 203, 222, 225, 236, 238, 243, 245, 252, 255, 256, 261, 308, 310, 337, 338, 357, 567, 629, 633, 666]
59 84[570]
19 21[0, 1, 8, 11, 13, 16, 18, 19, 24, 36, 37, 42, 45, 47, 54, 56, 60, 63, 66, 67, 71, 73, 79, 94, 102, 103, 105, 107, 110, 112, 116, 119, 122, 134, 138, 140, 142, 147, 148, 155, 156, 185, 190, 191, 193, 199, 230, 233, 254, 255, 274, 290, 294, 300, 302, 307, 315, 321, 323, 334, 335, 346, 351, 361, 366, 368, 372, 375, 380, 387, 391, 393, 397, 409, 410, 417, 420, 424, 425, 450, 463, 471, 474, 476, 478, 487, 492, 496, 497, 514, 517, 519, 524, 526, 530, 532, 537, 540, 548, 552, 558, 561, 570, 573, 580, 587, 599, 606, 638, 670]
111 115[156]
49 53[311]
122 123[40, 81, 97, 103, 112, 126, 134, 136, 156]
10 13[161, 213, 220, 224, 237, 245, 276, 283, 291, 299, 307, 326, 347, 356, 360, 371, 378, 400, 419, 433, 526, 546, 608, 622, 641, 654, 665, 672]
148 149[179, 180, 182, 193, 207, 238, 245, 246, 252, 258, 310, 434]
108 109[158, 162, 179, 180, 186, 188, 193, 197, 203, 207, 212, 221, 222, 225, 235, 238, 242, 243, 248, 252, 256, 261, 263, 310, 314, 327, 330, 334, 341, 354, 357, 368, 372, 387, 407, 422, 434, 456, 497, 503, 530, 684]
90 95[10]
198 200[258]
110 111[145, 163, 191, 255, 567]
10 16[266, 446, 467, 487, 506, 518, 543, 618, 662]
118 120[182, 212, 235, 236, 263, 274, 488]
143 144[179, 180, 182, 193, 197, 207, 222, 225, 235, 245, 252, 258, 261, 308, 357, 456, 460, 666]
47 50[7, 13, 17, 18, 35, 37, 38, 40, 45, 47, 49, 60, 62, 63, 64, 66, 70, 71, 72, 73, 74, 76, 78, 80, 81, 85, 91, 92, 94, 97, 102, 103, 106, 107, 110, 112, 116, 122, 125, 126, 127, 128, 129, 131, 133, 134, 136, 137, 138, 144, 145, 146, 148, 152, 155, 156, 166, 201, 283, 325, 530, 667, 688]
128 129[162, 173, 179, 182, 188, 190, 197, 204, 209, 225, 235, 238, 242, 245, 255, 258, 263, 310, 357, 368, 434, 453]
49 71[203]
60 63[126, 158, 159, 162, 166, 168, 175, 176, 179, 180, 181, 182, 185, 188, 189, 190, 192, 193, 194, 195, 197, 200, 206, 207, 210, 211, 212, 215, 219, 222, 224, 225, 226, 231, 233, 235, 237, 238, 240, 242, 243, 244, 245, 248, 249, 251, 252, 255, 257, 258, 261, 262, 267, 270, 283, 287, 290, 293, 294, 297, 301, 307, 308, 309, 310, 311, 314, 315, 316, 317, 324, 327, 328, 330, 334, 335, 336, 337, 344, 347, 348, 350, 354, 356, 357, 361, 364, 371, 372, 374, 378, 380, 383, 395, 397, 404, 407, 408, 410, 414, 417, 427, 431, 445, 447, 450, 461, 463, 470, 474, 483, 494, 503, 507, 510, 513, 514, 517, 523, 530, 536, 544, 552, 559, 560, 563, 569, 584, 586, 587, 589, 593, 594, 597, 612, 623, 625, 633, 635, 645, 666, 667, 672, 676]
64 88[243]
70 73[162, 165, 168, 175, 176, 179, 181, 182, 185, 188, 190, 191, 194, 197, 200, 201, 206, 207, 210, 211, 215, 219, 225, 226, 229, 231, 233, 235, 238, 245, 249, 252, 255, 256, 257, 258, 261, 262, 280, 281, 287, 290, 297, 300, 301, 307, 310, 311, 318, 324, 337, 338, 342, 348, 351, 354, 357, 361, 368, 371, 374, 384, 387, 388, 390, 397, 404, 407, 410, 411, 414, 415, 417, 420, 431, 432, 438, 447, 450, 460, 461, 470, 471, 477, 478, 480, 481, 489, 490, 500, 503, 513, 523, 527, 530, 552, 553, 559, 560, 579, 587, 590, 602, 608, 612, 620, 623, 625, 626, 629, 630, 645, 649, 652, 666, 669, 676]
15 21[157]
218 219[182, 245]
35 38[157, 161, 162, 164, 166, 168, 172, 173, 174, 175, 179, 182, 183, 184, 185, 186, 190, 193, 197, 200, 202, 203, 208, 209, 210, 211, 213, 219, 225, 227, 229, 231, 233, 235, 238, 239, 240, 242, 245, 248, 252, 254, 255, 258, 263, 266, 267, 269, 271, 273, 274, 276, 278, 281, 283, 284, 289, 290, 291, 293, 296, 297, 299, 300, 302, 303, 305, 307, 309, 310, 311, 314, 315, 317, 320, 325, 326, 327, 330, 337, 338, 339, 341, 342, 344, 345, 347, 348, 350, 357, 361, 364, 366, 368, 369, 371, 373, 374, 375, 378, 379, 380, 381, 382, 383, 386, 387, 390, 391, 393, 395, 396, 397, 398, 400, 401, 404, 407, 409, 410, 411, 413, 414, 415, 416, 417, 420, 422, 424, 426, 427, 429, 431, 433, 434, 438, 441, 442, 443, 447, 450, 452, 453, 455, 456, 460, 463, 467, 468, 469, 471, 474, 477, 479, 480, 481, 483, 488, 490, 494, 499, 501, 506, 507, 509, 512, 514, 516, 519, 521, 522, 523, 524, 527, 528, 531, 535, 536, 537, 541, 543, 544, 546, 548, 550, 551, 552, 555, 558, 560, 562, 570, 576, 577, 579, 580, 582, 584, 586, 588, 589, 590, 591, 593, 596, 599, 600, 604, 606, 608, 609, 612, 613, 615, 616, 618, 620, 625, 627, 629, 632, 635, 639, 640, 642, 643, 645, 649, 652, 654, 659, 660, 662, 663, 665, 667, 669, 672, 676, 678, 680]
31 32[13, 16, 19, 30, 49, 70, 85, 94, 98, 127, 131, 138, 194, 285, 312, 333, 348, 444, 485, 542, 554, 560, 578, 600, 677]
226 227[207, 258]
5 25[411]
211 213[245]
44 56[210]
68 69[162, 175, 176, 179, 181, 182, 183, 185, 188, 190, 193, 194, 195, 197, 200, 206, 207, 209, 210, 212, 215, 219, 222, 224, 225, 226, 229, 231, 235, 237, 238, 240, 245, 248, 249, 252, 255, 257, 258, 261, 262, 283, 287, 297, 298, 301, 307, 310, 311, 314, 337, 342, 347, 348, 351, 354, 356, 357, 370, 371, 374, 378, 383, 387, 388, 397, 407, 411, 414, 415, 417, 420, 424, 431, 447, 461, 470, 477, 478, 480, 490, 503, 513, 523, 530, 544, 552, 553, 559, 560, 579, 590, 602, 612, 618, 620, 623, 625, 629, 639, 645, 649, 652, 666, 672, 676]
7 15[12, 25, 35, 37, 69]
34 37[10, 127, 218, 688]
19 23[2, 3, 6, 9, 10, 15, 20, 26, 27, 30, 40, 44, 46, 48, 55, 62, 65, 70, 76, 80, 81, 84, 100, 109, 111, 120, 124, 131, 133, 135, 136, 152, 536]
195 198[197, 245, 255]
125 126[180]
19 45[464]
25 30[226, 441]
67 69[18, 30, 38, 40, 49, 63, 74, 78, 93, 98, 116, 126, 133, 144, 152, 191, 201, 239, 267, 315, 318, 328, 335, 365, 375, 384, 514, 557, 567, 580, 609, 633, 680]
25 29[503]
20 30[288]
27 50[180]
0 66[67, 94]
22 24[188, 222, 261, 274, 294, 300, 345, 348, 375, 391, 398, 409, 425, 444, 503, 570, 573, 580, 587, 606, 613, 647, 674]
7 11[13, 40, 67, 81, 94, 103, 107, 112, 127, 134, 156]
81 83[176, 186, 189, 198, 215, 242, 251, 257, 263, 317, 324, 407, 427, 437, 478, 497, 559, 594, 669]
23 26[0, 1, 2, 3, 6, 7, 8, 10, 11, 13, 15, 16, 17, 18, 20, 21, 24, 26, 27, 30, 31, 34, 35, 36, 37, 38, 40, 44, 45, 47, 48, 49, 54, 55, 56, 58, 62, 63, 64, 72, 74, 76, 78, 80, 81, 82, 83, 84, 88, 89, 90, 91, 92, 93, 97, 98, 100, 102, 103, 105, 106, 107, 111, 112, 120, 124, 125, 127, 128, 129, 131, 133, 136, 137, 138, 140, 142, 144, 146, 147, 148, 152, 153, 157, 183, 476, 682, 688]
79 88[552]
97 99[212, 226, 239, 243, 256, 328, 447, 527, 580]
5 21[312]
45 48[158, 159, 161, 162, 163, 164, 165, 168, 173, 179, 181, 182, 185, 186, 190, 192, 195, 197, 200, 203, 206, 207, 208, 209, 211, 212, 216, 220, 221, 224, 231, 235, 237, 238, 240, 242, 243, 244, 245, 246, 247, 248, 251, 252, 253, 254, 255, 257, 258, 262, 263, 266, 267, 273, 274, 276, 279, 280, 284, 287, 290, 291, 293, 294, 297, 298, 299, 303, 307, 308, 309, 310, 311, 314, 316, 324, 326, 327, 328, 329, 330, 332, 334, 336, 337, 339, 341, 347, 351, 354, 355, 356, 359, 360, 361, 364, 365, 368, 369, 370, 371, 372, 379, 380, 383, 387, 390, 391, 393, 397, 398, 400, 404, 407, 408, 409, 410, 411, 413, 417, 419, 420, 422, 424, 425, 427, 428, 431, 433, 434, 435, 436, 441, 443, 446, 450, 453, 454, 455, 456, 458, 459, 461, 463, 464, 467, 469, 470, 471, 474, 477, 480, 481, 483, 485, 488, 489, 494, 497, 498, 499, 501, 506, 508, 509, 512, 516, 517, 521, 522, 523, 524, 526, 527, 536, 537, 543, 544, 546, 552, 559, 566, 567, 569, 570, 573, 576, 579, 580, 587, 589, 593, 594, 602, 603, 606, 609, 612, 616, 622, 625, 627, 629, 630, 633, 635, 639, 643, 645, 647, 649, 650, 654, 660, 669, 672, 676, 679, 680]
25 31[42]
3 16[235, 605, 612, 625]
93 95[40, 49, 81, 97, 103, 112, 134, 145, 156, 158, 179, 219, 235, 239, 242, 248, 298, 301, 307, 310, 332, 359, 384, 388, 553, 629]
159 166[182, 190]
102 103[97, 126, 136, 145, 156, 163, 204, 488]
54 66[453]
54 58[590]
31 33[65, 126, 154, 184, 185, 197, 202, 207, 258, 289, 309, 325, 328, 339, 459, 477, 478, 530, 546, 604, 607, 636, 645]
3 15[159, 168, 211, 218, 225, 252, 275, 571, 586, 598, 631, 634, 645, 649, 656, 668, 669, 678]
24 25[158, 161, 162, 167, 168, 172, 175, 176, 182, 197, 200, 207, 210, 211, 213, 215, 216, 217, 218, 221, 225, 228, 231, 235, 238, 242, 249, 252, 255, 258, 260, 263, 265, 266, 270, 273, 276, 282, 283, 287, 292, 293, 297, 300, 307, 310, 314, 320, 324, 325, 326, 327, 330, 334, 337, 341, 344, 345, 347, 354, 360, 361, 364, 371, 373, 374, 378, 380, 381, 386, 387, 390, 391, 393, 395, 397, 400, 404, 407, 409, 414, 416, 417, 423, 426, 427, 429, 431, 432, 434, 437, 443, 444, 445, 446, 450, 453, 460, 461, 462, 467, 469, 470, 474, 483, 487, 494, 495, 499, 503, 505, 506, 509, 513, 515, 516, 518, 519, 523, 525, 528, 530, 531, 534, 539, 543, 546, 548, 550, 551, 552, 555, 559, 562, 564, 566, 568, 569, 571, 572, 576, 578, 581, 582, 586, 588, 593, 596, 598, 602, 605, 607, 612, 615, 616, 618, 622, 625, 629, 630, 631, 632, 635, 636, 639, 640, 642, 645, 649, 652, 653, 659, 660, 662, 663, 665, 667, 669, 672, 674, 676, 679]
149 156[252]
119 121[162, 197, 248, 314, 407, 684]
29 45[354, 569]
206 208[207]
35 58[478, 491]
194 201[207]
10 55[264]
121 123[162, 163, 173, 188, 197, 221, 243, 248, 258, 308, 327, 341, 434]
9 15[47, 93, 105, 152, 182, 682]
73 78[649]
123 145[327]
16 30[352]
5 9[298, 301, 335, 338, 345, 381, 395, 438, 449, 452, 464, 472, 474, 492, 496, 531, 532, 542, 561]
144 151[197]
90 93[49, 158, 163, 165, 173, 179, 186, 191, 200, 204, 207, 209, 219, 221, 222, 226, 231, 236, 238, 242, 248, 249, 256, 258, 263, 284, 294, 297, 301, 308, 314, 317, 324, 330, 332, 334, 335, 341, 368, 371, 372, 388, 397, 407, 408, 410, 417, 422, 424, 434, 435, 437, 453, 454, 456, 488, 490, 500, 510, 516, 524, 526, 530, 559, 567, 570, 579, 608, 626, 633, 666]
82 87[10]
39 54[563]
77 80[166, 630]
43 44[0, 1, 8, 15, 16, 20, 26, 27, 34, 36, 39, 43, 44, 54, 56, 58, 76, 83, 88, 91, 100, 102, 119, 125, 128, 147, 151, 152, 156, 157, 161, 162, 163, 164, 165, 166, 173, 174, 179, 182, 185, 186, 190, 192, 193, 195, 197, 199, 200, 202, 203, 207, 209, 210, 211, 213, 216, 220, 221, 229, 231, 235, 238, 240, 242, 245, 246, 248, 252, 253, 254, 255, 256, 258, 263, 266, 269, 270, 273, 274, 278, 281, 283, 284, 287, 289, 290, 291, 293, 294, 297, 298, 299, 300, 303, 305, 307, 308, 309, 310, 311, 314, 316, 317, 318, 321, 324, 328, 329, 330, 332, 334, 337, 339, 341, 342, 344, 345, 347, 350, 351, 355, 356, 359, 364, 368, 369, 370, 372, 373, 379, 380, 383, 384, 387, 388, 390, 391, 393, 395, 396, 397, 398, 400, 404, 407, 408, 410, 411, 413, 415, 417, 419, 420, 422, 424, 425, 431, 433, 434, 435, 436, 437, 441, 446, 447, 450, 451, 453, 454, 455, 458, 459, 463, 467, 469, 471, 477, 479, 480, 481, 483, 488, 489, 490, 494, 497, 498, 499, 500, 501, 504, 506, 508, 509, 510, 512, 516, 517, 519, 521, 522, 524, 526, 528, 536, 537, 540, 546, 551, 552, 553, 562, 566, 567, 570, 572, 573, 576, 577, 580, 586, 589, 591, 593, 600, 602, 606, 609, 612, 613, 615, 618, 620, 622, 625, 627, 630, 632, 633, 635, 642, 643, 645, 647, 649, 650, 652, 654, 660, 667, 669, 672, 678, 680]
62 86[425]
14 20[311, 386, 418, 429, 445, 515, 564, 568, 603, 616, 630]
81 82[159, 181, 185, 206, 262, 643]
53 56[383, 441, 541, 684]
170 172[225]
45 46[189, 201, 418, 541, 662]
49 69[173, 253, 422]
220 223[182, 207]
27 28[3, 7, 9, 19, 21, 29, 31, 33, 35, 37, 46, 51, 55, 57, 65, 70, 74, 75, 82, 89, 90, 92, 101, 109, 120, 124, 129, 135, 137, 143, 151, 153, 154, 682]
42 50[233, 438]
164 165[197, 207, 245, 310, 456]
19 29[677]
54 73[437]
31 40[163]
36 38[1, 42, 47, 64, 67, 102, 142, 151, 159, 165, 181, 189, 199, 206, 224, 237, 244, 251, 257, 262, 287, 336, 356, 370, 497, 526, 530, 573, 605]
169 170[179, 193, 207]
127 131[97]
46 47[76, 91, 102, 125, 128, 152, 156, 174, 201, 202, 305, 318, 373, 375, 418, 432, 479, 588, 615, 620, 653]
105 106[163, 274, 318, 454, 553, 684]
201 203[207, 245]
185 188[182, 197, 209, 245, 252]
16 18[137, 170, 183, 186, 217, 227, 235, 261, 266, 290, 300, 310, 317, 333, 335, 351, 366, 397, 406, 417, 446, 452, 467, 487, 506, 516, 518, 536, 540, 543, 552, 579, 589, 605, 612, 618, 625, 633, 635, 662]
55 59[6, 30, 70, 137]
39 70[338]
30 33[157, 158, 159, 161, 162, 165, 166, 167, 168, 174, 175, 176, 179, 182, 183, 190, 193, 199, 200, 203, 208, 210, 213, 215, 216, 218, 221, 225, 226, 227, 228, 229, 231, 233, 235, 238, 240, 242, 245, 248, 249, 252, 254, 255, 260, 263, 266, 269, 270, 273, 282, 283, 284, 287, 288, 290, 291, 293, 294, 296, 297, 300, 301, 302, 303, 307, 310, 311, 314, 317, 320, 324, 326, 327, 330, 334, 337, 341, 345, 347, 350, 351, 357, 360, 361, 364, 365, 366, 368, 371, 373, 374, 377, 378, 380, 381, 382, 383, 386, 387, 390, 393, 395, 396, 397, 400, 404, 407, 409, 410, 411, 414, 416, 419, 420, 424, 426, 429, 431, 432, 434, 437, 438, 441, 443, 446, 447, 450, 452, 456, 460, 463, 467, 469, 470, 473, 474, 479, 480, 483, 487, 490, 494, 495, 503, 506, 512, 513, 515, 516, 518, 519, 523, 525, 526, 527, 528, 531, 536, 540, 543, 544, 548, 549, 552, 558, 566, 568, 572, 573, 576, 579, 582, 585, 586, 588, 589, 591, 593, 594, 596, 597, 602, 603, 608, 609, 612, 615, 616, 618, 622, 625, 627, 629, 630, 632, 635, 639, 641, 642, 649, 652, 654, 659, 660, 662, 665, 666, 667, 669, 670, 672, 676, 678, 679]
14 25[208, 301, 401, 541, 657]
180 183[182, 207, 209, 252, 255, 258, 261]
28 31[138, 202, 289, 309, 444]
224 226[207, 258]
4 16[635]
116 118[162, 197, 221, 236, 252, 258, 434, 488, 684]
39 45[158, 159, 208, 267, 326, 427, 474, 616, 629, 659, 676]
44 54[388, 553]
5 14[321, 328, 333, 362, 372, 415, 425, 442, 479, 500, 507, 537, 562]
128 136[633]
149 165[179, 193]
62 75[504]
3 23[226, 246]
92 95[127, 136, 198, 311, 411, 527, 684]
98 101[368, 553]
120 122[134, 212, 274, 298, 318, 335, 488, 500]
123 125[81, 103, 145, 162, 173, 179, 188, 204, 209, 221, 242, 258, 263, 434, 530]
119 125[334, 579]
5 30[382]
71 72[30, 38, 224, 236, 274, 283, 315, 356, 375, 580, 618, 680]
61 74[163]
123 126[248, 341]
14 30[284]
41 43[128, 181, 193, 199, 206, 237, 257, 262, 271, 279, 316, 360, 373, 409, 443, 479, 524, 559, 603, 609, 665]
36 37[158, 170, 171, 198, 216, 301, 352, 377, 432, 473, 504, 518, 553, 563, 603, 607, 611]
130 132[203, 242, 243, 261, 437, 629]
69 77[633]
3 6[118, 172, 182, 216, 220, 224, 237, 254, 258, 264, 266, 267, 276, 577, 582, 587, 600, 606, 618, 640, 642, 657, 660, 662, 672, 680]
147 151[126]
34 58[249]
102 104[408, 435, 517, 587]
22 23[17, 29, 33, 34, 39, 43, 51, 72, 75, 83, 89, 90, 91, 97, 101, 127, 128, 143, 144, 146, 151, 154, 198, 603, 670, 682]
5 34[308, 504, 553]
137 138[163]
30 31[7, 19, 35, 37, 65, 66, 70, 73, 74, 78, 90, 92, 110, 116, 122, 129, 137, 142, 144, 151, 154, 352, 546]
94 96[203, 204, 261, 371, 408, 435, 481, 488, 524, 626]
158 160[197, 245, 258]
38 40[161, 165, 168, 173, 185, 202, 207, 213, 218, 237, 244, 247, 278, 280, 327, 345, 356, 371, 409, 426, 428, 429, 456, 460, 485, 523, 530, 531, 579, 588, 603, 613, 620, 639, 665, 667]
114 131[207]
9 10[161, 171, 172, 199, 213, 216, 220, 224, 228, 231, 237, 254, 264, 266, 267, 276, 279, 282, 283, 284, 291, 293, 299, 305, 307, 315, 325, 326, 329, 339, 347, 352, 356, 360, 364, 370, 371, 375, 377, 378, 389, 391, 400, 405, 409, 413, 419, 428, 433, 435, 436, 443, 446, 455, 459, 467, 469, 473, 487, 490, 491, 494, 499, 501, 506, 508, 509, 512, 514, 515, 517, 518, 519, 521, 522, 525, 526, 527, 528, 543, 544, 546, 551, 555, 559, 573, 582, 591, 600, 607, 608, 611, 616, 618, 622, 627, 639, 640, 641, 642, 654, 660, 662, 665, 672, 679, 680]
62 64[321, 362, 365, 375, 442, 464, 485, 567]
130 131[81, 103, 112, 126, 136, 145, 274, 684]
6 8[118, 684]
15 36[224, 244, 251, 257, 262]
151 154[112, 126, 136, 145]
74 94[261]
27 41[559]
66 74[308]
138 139[81, 97, 112, 126, 136, 145, 162, 180, 182, 197, 204, 209, 222, 225, 245, 248, 255, 258, 337, 341, 456]
5 11[288, 311, 343, 366, 386, 401, 418, 445, 447, 554, 564]
41 42[38, 320, 366, 382, 386, 416, 432, 560, 596, 684]
3 31[194]
173 174[179, 193, 209, 252, 255, 261]
139 140[81, 97, 162, 180, 182, 197, 204, 209, 222, 225, 236, 245, 255, 258, 308, 456, 684]
174 176[209, 261]
26 55[188]
134 145[310]
99 105[256]
94 105[559]
125 128[162, 173, 179, 182, 188, 190, 197, 203, 204, 209, 221, 225, 235, 236, 238, 242, 245, 252, 255, 258, 263, 310, 337, 357, 368, 434, 453, 579, 629, 666]
54 61[300, 618]
201 202[197, 255]
63 67[13, 37]
111 113[163, 180, 182, 197, 246, 255, 274, 314, 460, 500]
40 41[38, 85, 138, 237, 247, 271, 409, 429, 531, 588, 603, 665]
26 33[435]
84 87[229]
44 50[344, 395, 519, 586]
24 35[338, 375, 535, 577]
191 194[145]
187 189[261]
15 17[4, 9, 19, 24, 28, 33, 53, 54, 61, 64, 65, 70, 75, 100, 101, 109, 114, 117, 121, 128, 130, 135, 139, 143, 151, 159, 171, 180, 198, 275, 298, 305, 381, 395, 398, 427, 440, 441, 449, 469, 531, 533, 534, 545, 572, 587, 611, 614, 624, 634, 648, 651, 656, 661, 681]
84 90[165, 175]
139 141[112, 145]
75 96[252]
53 59[436]
10 33[491]
14 15[1, 4, 11, 17, 18, 24, 30, 43, 48, 51, 52, 54, 55, 57, 62, 70, 74, 75, 80, 83, 87, 91, 96, 99, 100, 102, 109, 114, 118, 121, 125, 128, 131, 135, 136, 139, 140, 143, 144, 149, 151, 154, 216, 249, 260, 271, 278, 325, 391, 432, 449, 461, 464, 474, 495, 496, 531, 534, 542, 548, 551, 566, 585, 595, 606, 614, 640, 660, 663, 670, 674]
120 123[145, 179, 182, 186, 190, 191, 193, 203, 204, 209, 222, 225, 236, 238, 242, 245, 252, 255, 256, 261, 263, 310, 337, 338, 357, 437, 530, 567, 629, 633, 666]
183 184[182, 209, 252, 258, 261]
14 16[170, 191, 192, 219, 236, 254, 269, 282, 321, 328, 329, 333, 343, 352, 362, 366, 372, 375, 389, 415, 425, 438, 442, 452, 472, 479, 500, 501, 507, 517, 527, 537, 562, 573, 577, 580, 593, 597, 600, 607, 677, 680]
123 128[437]
6 38[247]
23 67[67]
183 186[112, 145]
3 9[180, 183, 208, 212, 222, 271, 581, 614, 670, 674]
19 26[202, 309]
120 121[173, 180, 188, 235]
18 23[7, 21, 31, 35, 74, 78, 82, 88, 93, 137, 153, 317, 675]
73 74[162, 165, 175, 176, 179, 181, 182, 183, 188, 190, 191, 194, 200, 201, 206, 207, 210, 211, 215, 225, 229, 231, 235, 238, 240, 245, 249, 251, 255, 257, 258, 261, 280, 281, 287, 290, 297, 300, 301, 307, 310, 311, 318, 324, 337, 338, 342, 348, 351, 354, 357, 361, 368, 371, 374, 383, 384, 387, 388, 390, 404, 407, 410, 411, 414, 415, 417, 420, 431, 432, 447, 450, 460, 461, 463, 470, 471, 477, 478, 480, 489, 490, 500, 503, 513, 523, 530, 552, 559, 560, 579, 586, 587, 590, 608, 612, 620, 623, 625, 626, 629, 630, 652, 666, 676]
57 60[200, 233, 395, 527]
5 35[281, 408, 422, 468]
10 11[284, 515, 527, 573, 616, 627]
13 16[482]
147 149[112, 136, 145]
189 205[182]
48 52[42]
29 48[261]
34 60[597]
3 22[647]
34 55[176, 288]
75 80[355, 393, 567]
91 92[47, 63, 122, 126, 129, 136, 144, 166, 176, 180, 188, 243]
145 146[236, 255]
63 66[10, 18, 30, 35, 40, 47, 49, 63, 66, 70, 71, 74, 76, 78, 81, 92, 93, 97, 98, 103, 107, 112, 116, 122, 125, 126, 129, 133, 134, 136, 137, 144, 145, 152, 273, 395, 427, 618, 667]
67 68[13, 35, 66, 67, 70, 97, 125, 138, 156, 643]
10 24[435, 521]
17 30[159]
203 204[258]
5 15[287, 297, 303, 314, 341, 344, 350, 392, 393, 398, 402, 407, 414, 416, 427, 441, 456, 462, 465, 470, 483, 489, 503, 505, 513, 533, 539, 545, 550]
90 91[47, 63, 81, 97, 103, 112, 122, 126, 129, 144, 145, 156, 243, 246, 321, 327, 497, 553]
49 50[159, 161, 162, 163, 164, 165, 168, 179, 181, 182, 183, 185, 189, 190, 192, 193, 195, 197, 200, 206, 207, 209, 211, 212, 216, 220, 221, 224, 231, 235, 237, 238, 242, 244, 245, 247, 248, 251, 254, 257, 258, 262, 263, 266, 267, 270, 273, 274, 276, 278, 279, 280, 287, 290, 291, 293, 294, 297, 298, 299, 300, 303, 307, 308, 309, 310, 314, 316, 321, 324, 326, 327, 328, 329, 330, 334, 336, 337, 339, 347, 351, 354, 355, 356, 359, 360, 361, 364, 370, 371, 372, 390, 391, 393, 397, 404, 407, 408, 409, 410, 413, 420, 424, 425, 427, 428, 431, 433, 434, 436, 437, 441, 446, 450, 453, 454, 455, 456, 459, 461, 463, 464, 469, 470, 474, 477, 480, 481, 483, 485, 488, 489, 494, 497, 498, 499, 501, 504, 506, 508, 509, 510, 517, 521, 522, 523, 524, 536, 537, 541, 543, 544, 546, 551, 559, 567, 569, 570, 577, 579, 580, 587, 589, 593, 594, 602, 603, 606, 612, 618, 625, 627, 629, 630, 633, 639, 642, 643, 645, 647, 649, 653, 660, 669, 672, 676, 679, 680]
68 26[67, 94]
171 173[112, 182, 209, 261]
34 38[485]
34 35[0, 1, 2, 6, 8, 11, 13, 15, 17, 18, 20, 24, 26, 27, 35, 37, 38, 40, 42, 44, 45, 47, 48, 54, 56, 60, 62, 63, 66, 67, 71, 72, 73, 74, 76, 78, 79, 80, 81, 84, 88, 90, 91, 92, 93, 97, 100, 102, 103, 105, 106, 107, 110, 111, 112, 116, 119, 122, 125, 128, 129, 133, 134, 136, 137, 140, 142, 144, 145, 146, 148, 151, 152, 155, 157, 161, 162, 166, 168, 172, 174, 175, 179, 182, 184, 190, 193, 194, 197, 200, 203, 208, 210, 211, 213, 215, 225, 227, 228, 229, 231, 233, 235, 238, 240, 242, 245, 248, 252, 254, 255, 258, 260, 263, 266, 269, 270, 273, 276, 282, 283, 284, 289, 290, 291, 293, 296, 297, 300, 302, 303, 307, 310, 311, 314, 317, 320, 325, 326, 327, 330, 337, 341, 345, 347, 348, 350, 351, 352, 357, 361, 364, 366, 368, 371, 373, 374, 378, 380, 381, 383, 386, 387, 390, 393, 395, 396, 397, 400, 404, 407, 409, 410, 411, 414, 416, 417, 420, 424, 426, 427, 429, 431, 434, 437, 438, 441, 443, 446, 447, 450, 452, 453, 456, 460, 463, 467, 470, 474, 477, 479, 480, 483, 487, 490, 494, 499, 506, 512, 513, 515, 516, 519, 523, 527, 528, 531, 534, 536, 540, 543, 544, 548, 549, 551, 552, 555, 558, 560, 562, 572, 576, 579, 582, 585, 586, 588, 589, 591, 593, 594, 596, 600, 602, 608, 609, 612, 615, 616, 618, 622, 625, 627, 629, 632, 635, 636, 639, 641, 642, 645, 649, 652, 654, 659, 662, 665, 666, 667, 669, 670, 672, 676, 677, 678, 680]
184 185[182, 209, 252, 261]
78 81[186, 189, 215, 263, 324, 437, 597]
48 50[158, 194, 198, 208, 255, 261, 305, 350, 400, 445, 447, 467, 516, 526, 527, 616, 635, 654, 662]
99 106[460, 516]
30 35[344]
40 42[167, 184, 191, 198, 204, 218, 227, 233, 276, 296, 302, 361, 378, 401, 426, 438, 452, 530, 535, 541, 543, 544, 550, 558, 599, 604, 636, 663, 670, 679]
89 90[163, 168, 173, 179, 186, 191, 200, 207, 221, 229, 231, 236, 242, 246, 256, 257, 258, 263, 281, 284, 288, 290, 297, 301, 311, 314, 318, 324, 327, 328, 334, 335, 341, 348, 368, 371, 372, 379, 383, 393, 395, 398, 404, 410, 411, 415, 417, 422, 424, 434, 453, 454, 456, 478, 490, 500, 516, 517, 524, 526, 527, 530, 560, 567, 570, 579, 580, 590, 594, 608, 626, 633, 647, 650]
3 19[274, 570]
26 30[186, 365, 410]
45 50[215, 225, 357, 378, 608]
102 105[212, 239, 284, 311, 318, 335, 355]
87 90[10, 37, 47, 49, 63, 81, 97, 103, 112, 116, 122, 126, 127, 129, 144, 145, 156, 388, 435, 437, 458, 481]
60 62[49, 81, 94, 98, 103, 122, 125, 134, 156, 165, 172, 216, 254, 266, 280, 325, 362, 375, 391, 400, 405, 409, 425, 438, 442, 455, 464, 504, 509, 527, 548, 577, 600, 606, 622, 630, 639, 642, 649, 650, 653, 657, 665]
24 31[348, 477, 604]
5 19[294, 471, 478, 497, 524, 558]
73 79[185]
134 136[235]
69 91[193]
85 88[158, 163, 168, 173, 179, 186, 200, 207, 219, 221, 231, 236, 242, 249, 256, 258, 263, 284, 290, 297, 311, 314, 318, 321, 324, 327, 328, 337, 341, 359, 368, 371, 372, 379, 383, 393, 395, 397, 398, 404, 407, 410, 415, 417, 420, 422, 424, 434, 453, 456, 460, 488, 490, 497, 500, 516, 517, 524, 526, 530, 567, 570, 579, 580, 594, 608, 612, 620, 626, 629, 633, 647]
169 185[197, 245]
82 83[18, 37, 63, 71, 76, 81, 92, 93, 97, 98, 103, 112, 116, 122, 127, 129, 133, 134, 137, 144, 145, 152, 156, 239, 338, 590]
107 108[145, 294, 633]
26 27[1, 2, 3, 6, 7, 8, 11, 13, 15, 16, 17, 18, 20, 21, 24, 26, 27, 30, 31, 34, 35, 37, 38, 40, 44, 45, 48, 49, 54, 55, 56, 58, 62, 63, 67, 72, 74, 76, 80, 81, 82, 83, 84, 89, 90, 91, 92, 94, 97, 98, 100, 102, 103, 105, 106, 107, 111, 112, 120, 124, 125, 127, 128, 129, 131, 133, 136, 137, 140, 146, 147, 148, 152, 153, 156, 222, 234, 239, 245, 261, 274, 306, 342, 424, 517, 570, 580, 587, 600, 671, 682, 688]
131 133[81, 145, 193, 207, 357, 456, 460, 579, 666, 684]
84 101[190, 245]
51 55[6, 40, 60, 63, 70, 71, 76, 92, 103, 112, 116, 122, 133, 137, 152]
83 87[37, 47, 129, 134, 144, 156, 478]
44 49[213, 415, 429, 437]
214 215[182, 207]
16 24[219, 236, 442, 600]
105 108[158, 162, 179, 180, 186, 188, 191, 193, 197, 203, 207, 212, 221, 222, 225, 235, 238, 242, 243, 246, 248, 252, 256, 261, 263, 308, 310, 314, 327, 330, 334, 338, 341, 357, 368, 372, 387, 407, 422, 434, 456, 488, 503, 530, 570]
86 88[189, 203, 209, 235, 238, 239, 257, 307, 310, 330, 355, 425, 447, 559]
27 30[294, 463, 467, 660, 663]
3 20[604, 652, 653]
162 163[112, 126, 136, 145]
3 17[643]
54 59[488, 680]
15 20[161, 265, 319, 665]
82 84[219, 253, 288, 504, 560, 609, 623]
214 224[258]
46 48[172, 193, 199, 321, 350, 504, 510, 528, 591, 662, 684]
65 85[327]
22 25[170, 291, 303, 311, 383, 396, 456, 579, 589, 656]
93 96[191, 231]
198 204[190]
6 15[175, 200, 273, 602, 661, 666]
48 49[67, 90, 159, 161, 162, 163, 164, 165, 168, 173, 179, 181, 182, 185, 186, 190, 192, 193, 195, 197, 199, 200, 203, 206, 207, 209, 211, 212, 216, 220, 221, 224, 231, 235, 237, 238, 240, 242, 243, 244, 245, 246, 247, 248, 251, 252, 253, 254, 257, 258, 262, 263, 266, 267, 273, 274, 276, 279, 280, 284, 287, 290, 291, 293, 294, 297, 298, 299, 303, 307, 308, 309, 310, 311, 314, 316, 321, 324, 326, 327, 328, 329, 330, 332, 334, 336, 337, 339, 341, 347, 351, 354, 355, 356, 359, 360, 361, 364, 365, 368, 369, 370, 371, 372, 379, 380, 383, 387, 390, 391, 393, 397, 398, 404, 407, 408, 409, 410, 411, 413, 417, 419, 420, 422, 424, 425, 427, 428, 431, 433, 434, 435, 436, 441, 443, 446, 450, 453, 454, 455, 456, 458, 459, 461, 463, 464, 469, 470, 471, 474, 477, 480, 481, 483, 485, 488, 489, 494, 497, 498, 499, 501, 504, 506, 508, 509, 510, 512, 517, 521, 522, 523, 524, 528, 536, 537, 543, 544, 546, 552, 559, 567, 569, 570, 573, 576, 579, 580, 587, 589, 591, 593, 594, 602, 603, 606, 609, 612, 625, 627, 629, 630, 633, 639, 643, 645, 647, 649, 650, 660, 669, 672, 676, 679, 680]
49 70[368]
53 61[273]
115 117[40, 81, 103, 112, 126, 134, 145, 156, 180, 188, 209, 239, 298, 311, 318, 335, 355, 408, 411, 422, 454, 497, 503]
16 3[683]
168 175[258]
196 198[190, 258]
4 7[33, 34, 35, 36, 37, 38, 39, 40, 42, 43, 44, 45, 46, 47, 48, 49, 51, 52, 53, 54, 55, 56, 57, 58, 60, 61, 62, 63, 64, 65, 66, 67, 69, 70, 72, 73, 74, 75, 78, 79, 80, 81, 82, 83, 84, 85, 87, 88, 89, 90, 91, 94, 96, 97, 99, 100, 101, 102, 103, 105, 106, 107, 108, 109, 110, 111, 112, 114, 115, 116, 117, 119, 120, 121, 122, 124, 125, 126, 127, 128, 129, 130, 131, 134, 135, 136, 138, 139, 140, 142, 143, 144, 145, 146, 147, 148, 149, 151, 153, 154, 155, 156, 683]
9 11[10, 17, 18, 22, 30, 49, 55, 56, 58, 63, 66, 71, 73, 76, 78, 87, 90, 98, 106, 110, 115, 116, 117, 122, 126, 133, 136, 142, 145, 155, 170, 180, 183, 184, 188, 204, 208, 212, 222, 260, 261, 271, 278, 298, 301, 335, 338, 345, 381, 395, 429, 438, 449, 452, 464, 472, 474, 492, 496, 531, 532, 542, 548, 549, 561, 566, 568, 577, 581, 595, 603, 613, 614, 624, 633, 636, 657, 663, 670, 674, 683, 684, 688]
66 80[359, 524]
66 83[510]
19 28[668]
104 106[209, 236, 354]
17 23[64, 180]
94 102[284]
25 26[165, 254, 424, 536, 611, 651]
27 31[1, 2, 6, 8, 15, 17, 20, 24, 26, 27, 34, 39, 40, 44, 48, 56, 60, 62, 63, 71, 72, 76, 79, 80, 81, 83, 84, 102, 103, 105, 107, 112, 119, 133, 136, 146, 147, 152, 155]
168 171[182]
204 205[258]
79 95[274]
54 76[221]
83 85[49, 63, 81, 97, 103, 116, 122, 127, 145, 176, 182, 186, 191, 197, 238, 239, 242, 246, 251, 256, 263, 280, 324, 334, 338, 348, 383, 384, 388, 397, 407, 411, 414, 435, 437, 450, 453, 497, 510, 590, 594, 620, 650, 666, 669]
14 21[345, 549, 554, 627]
56 59[47, 74, 127, 369, 435, 470, 513, 548, 606, 684]
54 69[274]
93 110[666]
46 53[348]
70 71[66, 97, 138, 156, 189, 198, 393, 586, 597, 609, 643]
10 31[339, 459]
141 143[112, 145]
170 171[112, 145]
136 138[97, 193, 207, 209, 235, 246, 666]
24 42[418]
219 220[182, 245]
70 72[125, 159, 166, 216, 237, 239, 267, 293, 347, 362, 364, 365, 370, 378, 398, 435, 445, 451, 494, 514, 537, 544, 557, 563, 584, 594, 639, 653, 672, 684]
101 104[191, 243, 307, 553, 570, 629]
103 105[158, 163, 188, 190, 197, 204, 246, 274, 294, 368, 372, 411, 488, 526, 608, 633, 684]
146 148[209, 225, 243, 261, 337]
16 17[38, 42, 67, 85, 127, 138, 162, 179, 190, 197, 207, 221, 242, 248, 254, 258, 276, 283, 291, 292, 307, 309, 320, 323, 326, 327, 329, 334, 336, 343, 347, 356, 357, 360, 363, 368, 374, 375, 380, 387, 400, 410, 415, 424, 425, 426, 434, 437, 453, 463, 472, 476, 480, 482, 517, 523, 530, 535, 573, 577, 580, 588, 593, 594, 597, 599, 615, 617, 632, 676, 677, 680]
66 3[67, 94]
150 153[182, 190, 207, 225, 235, 236, 238, 243, 255, 258, 308, 310, 337, 341, 434]
97 98[335, 524]
66 71[10, 145]
24 43[335]
60 65[424, 477, 478, 579]
69 93[298]
44 63[384]
2 3[8, 15, 16, 20, 26, 27, 33, 69, 105, 119, 142, 147, 164, 170, 215, 244, 247, 251, 278, 281, 288, 422, 425, 566, 576, 589, 593]
40 61[460]
14 17[684]
15 33[626]
109 110[158, 162, 179, 186, 190, 193, 198, 203, 204, 207, 212, 221, 222, 225, 235, 238, 242, 243, 248, 252, 256, 261, 263, 310, 311, 327, 330, 334, 341, 355, 357, 372, 387, 407, 408, 411, 456, 497, 503, 530, 553, 567]
11 19[492]
90 92[37, 116, 127, 168, 175, 194, 198, 229, 257, 281, 288, 290, 311, 318, 328, 348, 379, 383, 393, 395, 398, 404, 411, 415, 420, 425, 458, 478, 481, 517, 527, 552, 560, 580, 590, 594, 612, 620, 647, 650]
73 81[317]
36 39[83, 90, 362, 419, 568]
6 9[161, 172, 182, 184, 188, 204, 207, 216, 220, 224, 231, 237, 254, 258, 261, 264, 266, 267, 276, 283, 284, 291, 293, 299, 305, 307, 315, 325, 329, 339, 347, 356, 360, 364, 370, 371, 375, 378, 391, 400, 405, 409, 413, 419, 433, 435, 436, 443, 455, 459, 467, 490, 491, 494, 499, 508, 509, 514, 517, 526, 527, 541, 543, 544, 546, 548, 551, 557, 559, 566, 573, 577, 582, 587, 595, 600, 606, 608, 616, 618, 622, 624, 633, 636, 639, 640, 642, 657, 660, 662, 663, 665, 672, 679, 680, 688]
3 33[173]
79 96[225]
3 13[158, 164, 165, 167, 174, 177, 179, 181, 186, 193, 195, 197, 198, 202, 203, 206, 210, 215, 217, 221, 227, 230, 238, 240, 242, 244, 248, 251, 255, 257, 262, 263, 265, 270, 272, 572, 596, 599, 615, 626, 629, 638, 644, 648, 651, 658, 671, 675, 676, 681]
134 135[112, 162, 180, 182, 197, 204, 222, 236, 243, 245, 248, 255, 258, 261, 263, 308, 337, 341, 368]
43 50[555, 557]
146 149[236, 255]
6 11[233]
16 40[192]
200 203[258]
15 18[0, 1, 2, 3, 6, 7, 10, 11, 13, 15, 16, 17, 18, 20, 21, 26, 27, 30, 31, 34, 35, 36, 40, 43, 44, 47, 48, 49, 51, 52, 55, 56, 57, 58, 60, 62, 63, 66, 71, 73, 74, 76, 78, 79, 80, 81, 82, 83, 84, 88, 89, 90, 91, 92, 93, 96, 98, 99, 102, 103, 106, 107, 110, 112, 116, 118, 119, 120, 122, 124, 125, 126, 129, 131, 133, 136, 140, 142, 144, 145, 147, 148, 149, 152, 153, 154, 155, 156, 167, 168, 172, 174, 175, 177, 181, 182, 188, 189, 195, 199, 200, 202, 206, 210, 211, 212, 213, 216, 218, 222, 225, 228, 231, 237, 240, 249, 252, 260, 270, 271, 273, 278, 279, 287, 293, 296, 297, 302, 303, 306, 314, 325, 338, 341, 344, 346, 350, 364, 370, 373, 377, 391, 392, 393, 396, 399, 402, 407, 409, 414, 416, 419, 423, 432, 436, 443, 456, 461, 462, 464, 465, 470, 473, 474, 483, 486, 489, 490, 494, 495, 496, 498, 499, 503, 505, 508, 509, 513, 519, 525, 528, 539, 542, 546, 548, 550, 551, 555, 559, 566, 571, 582, 585, 586, 595, 598, 602, 606, 613, 621, 622, 631, 636, 638, 639, 640, 641, 642, 644, 645, 649, 654, 658, 660, 663, 666, 668, 669, 670, 671, 674, 675, 678, 679, 682, 688]
41 44[85, 138, 219, 247, 429, 495, 531, 588]
168 191[190]
131 132[103, 112, 173, 274, 453]
5 6[41, 86, 187, 283, 284, 291, 293, 299, 305, 307, 315, 325, 329, 339, 347, 356, 360, 364, 370, 371, 375, 378, 391, 400, 405, 409, 413, 419, 433, 435, 436, 443, 455, 459, 467, 490, 491, 494, 499, 508, 509, 514, 517, 526, 527, 541, 543, 544, 546, 548, 551, 557, 559, 684, 688]
187 188[112, 145]
184 188[258]
127 130[81, 103, 112, 126, 136, 145, 222]
75 77[18, 30, 49, 71, 81, 92, 93, 98, 103, 112, 116, 126, 136, 137, 144, 145, 152, 159, 166, 180, 210, 219, 233, 240, 309, 321, 365, 369, 388, 390, 432, 438, 447, 451, 461, 478, 480, 537, 563, 584, 586, 609, 623, 630, 643, 684]
47 52[405]
24 26[181, 186, 188, 190, 191, 193, 199, 219, 222, 234, 236, 239, 245, 248, 261, 269, 274, 279, 280, 289, 305, 306, 357, 365, 368, 372, 379, 410, 420, 425, 435, 438, 442, 451, 452, 479, 517, 521, 526, 540, 557, 560, 570, 580, 585, 587, 599, 600, 613, 617, 633, 666, 671, 678, 680]
8 15[0, 2, 3, 7, 8, 15, 20, 21, 27, 29, 31, 39, 44, 46, 84, 88, 120, 124, 147, 153]
15 29[164]
195 196[145]
43 47[6, 40, 60, 62, 63, 66, 70, 71, 72, 73, 80, 81, 106, 107, 110, 112, 116, 122, 131, 133, 136, 146, 155, 688]
87 88[40, 136, 194, 553]
5 23[563]
110 112[158, 198, 209, 212, 222, 236, 294, 311, 330, 335, 338, 355, 372, 397, 411, 454, 497, 516, 553, 570]
94 100[180, 424, 500]
63 71[463]
55 58[7, 10, 17, 18, 35, 37, 38, 40, 42, 45, 49, 54, 60, 63, 64, 66, 67, 71, 76, 78, 81, 84, 91, 92, 93, 94, 97, 98, 100, 103, 107, 112, 116, 122, 125, 126, 128, 129, 133, 134, 136, 144, 145, 148, 152, 156, 158, 159, 162, 163, 164, 165, 166, 175, 176, 179, 180, 181, 182, 183, 185, 186, 188, 189, 192, 193, 195, 197, 206, 207, 208, 209, 211, 212, 215, 222, 224, 225, 226, 231, 235, 237, 238, 240, 242, 244, 247, 248, 251, 252, 254, 255, 257, 258, 261, 262, 263, 266, 270, 280, 287, 288, 290, 293, 294, 297, 298, 299, 301, 307, 308, 309, 310, 314, 316, 324, 327, 328, 330, 334, 335, 336, 344, 350, 351, 354, 356, 357, 361, 364, 370, 372, 374, 378, 380, 390, 397, 400, 404, 407, 409, 417, 424, 425, 427, 445, 447, 450, 454, 455, 456, 459, 463, 464, 477, 480, 481, 483, 485, 489, 494, 498, 503, 504, 508, 509, 510, 517, 524, 530, 536, 537, 544, 552, 557, 559, 567, 569, 570, 576, 579, 580, 582, 584, 589, 593, 594, 600, 602, 608, 612, 613, 622, 625, 630, 632, 633, 635, 642, 643, 645, 647, 649, 652, 653, 666, 667, 669, 672, 676]
3 14[191, 219, 236, 269, 580, 597]
5 20[289, 353]
147 150[308]
31 35[34, 39, 43, 156, 164, 369, 398, 481, 488, 501, 507, 522, 606]
61 64[393, 435, 468, 488, 557, 590, 613, 652]
99 116[258]
67 35[94]
40 45[244, 371, 456]
46 55[503, 613]
159 160[207, 209, 235, 236, 243, 261, 310, 341]
8 9[17, 55, 56, 58, 117, 118, 683, 684]
122 124[274, 298, 488]
15 19[8, 12, 25, 29, 39, 45, 46, 69, 94, 115, 230]
9 13[38, 72, 85, 92, 129, 137, 138, 146, 207, 258, 587]
48 55[622]
81 85[314]
109 111[40, 81, 103, 112, 126, 127, 134, 173, 180, 197, 314, 354, 684]
84 95[162, 513]
76 90[308]
39 60[414]
42 44[191, 276, 361, 381, 432, 543, 560, 663, 679, 684]
66 75[488]
5 18[444]
86 89[188, 246, 334]
139 143[126, 136]
126 127[136, 191, 243, 308, 387, 488]
10 14[254, 282, 329, 352, 375, 389, 501, 517, 600, 607, 680]
3 11[239, 630, 650]
167 169[261]
21 36[497]
65 66[127, 165, 410, 438, 445, 563]
119 120[134, 145, 173, 179, 186, 190, 191, 203, 204, 225, 238, 242, 245, 252, 255, 256, 261, 298, 310, 318, 337, 338, 357, 500, 530, 567, 629, 633]
6 35[620]
158 161[252]
65 67[138, 159, 168, 192, 216, 233, 267, 303, 315, 316, 318, 336, 350, 361, 364, 365, 375, 380, 384, 398, 441, 442, 451, 464, 468, 474, 483, 485, 514, 536, 557, 576, 589, 593, 597, 609, 613, 630, 632, 653]
174 175[179, 193, 255]
24 30[179, 527, 573, 608, 641]
22 45[212]
49 63[318]
39 42[0, 1, 6, 7, 10, 13, 15, 16, 17, 18, 20, 26, 27, 30, 35, 36, 37, 40, 42, 44, 45, 47, 49, 54, 56, 58, 60, 63, 64, 66, 67, 70, 71, 72, 73, 76, 81, 83, 84, 88, 91, 92, 93, 94, 97, 98, 100, 102, 103, 105, 106, 107, 110, 112, 116, 119, 122, 125, 126, 127, 129, 133, 134, 136, 137, 142, 144, 146, 147, 148, 151, 152, 155, 156, 381, 688]
103 107[81, 198]
32 67[94]
85 87[40, 49, 63, 81, 97, 103, 116, 122, 126, 127, 136, 145, 166, 176, 183, 191, 201, 208, 251, 273, 280, 281, 300, 301, 342, 348, 351, 369, 384, 388, 411, 414, 435, 437, 445, 450, 458, 471, 481, 489, 504, 527, 553, 560, 569, 590, 597, 609, 623, 630, 650, 653, 669, 676]
62 70[280]
29 34[198, 276, 362, 417, 453, 611, 653]
141 144[163, 246]
75 79[47, 63, 76, 122, 129, 156]
132 134[112, 243, 261]
101 103[10, 40, 81, 103, 112, 127, 134, 188, 190, 197, 245, 246, 274, 368, 411, 500]
123 135[163]
82 90[204, 332]
76 80[163]
80 83[30, 49, 158, 162, 163, 165, 173, 175, 179, 182, 183, 190, 191, 194, 197, 203, 207, 208, 229, 231, 236, 238, 245, 246, 249, 255, 256, 258, 273, 280, 281, 284, 287, 290, 297, 300, 301, 307, 311, 318, 321, 330, 334, 337, 341, 348, 351, 354, 355, 359, 368, 371, 379, 383, 384, 387, 388, 393, 397, 398, 404, 410, 411, 414, 415, 417, 420, 422, 424, 431, 434, 435, 445, 450, 453, 456, 460, 471, 488, 489, 490, 500, 503, 513, 516, 524, 526, 527, 530, 553, 567, 579, 608, 612, 620, 625, 626, 629, 630, 650, 653, 666, 676]
33 39[126]
143 145[236, 255]
137 139[236, 243, 308]
55 60[190]
128 130[180, 186, 203, 221, 236, 243, 248, 252, 261, 308, 337, 341, 437, 629, 684]
125 127[81, 103, 145, 222, 246, 256, 274, 298, 334, 338, 530, 567]
98 99[10, 37, 40, 49, 81, 103, 112, 127, 134, 145, 156, 158, 162, 173, 186, 193, 194, 203, 204, 207, 221, 222, 235, 236, 238, 246, 258, 263, 274, 294, 297, 308, 310, 314, 317, 327, 330, 332, 334, 338, 341, 372, 388, 397, 407, 417, 434, 453, 454, 456, 460, 488, 516, 530, 567, 608, 620, 633]
31 48[445]
29 30[158, 161, 162, 165, 167, 168, 170, 172, 174, 175, 176, 182, 190, 191, 193, 199, 200, 203, 208, 210, 213, 215, 216, 218, 221, 225, 227, 231, 233, 235, 238, 239, 242, 245, 248, 249, 252, 255, 260, 263, 266, 270, 273, 282, 283, 287, 290, 291, 292, 293, 296, 297, 300, 301, 302, 303, 307, 310, 311, 314, 317, 320, 324, 326, 327, 330, 334, 337, 341, 345, 347, 350, 357, 360, 361, 364, 366, 368, 371, 373, 374, 377, 378, 380, 381, 383, 386, 387, 390, 393, 395, 396, 397, 400, 401, 404, 407, 409, 411, 414, 416, 420, 424, 426, 427, 429, 431, 432, 434, 437, 438, 443, 446, 447, 450, 452, 456, 460, 461, 469, 470, 473, 474, 476, 479, 480, 483, 487, 490, 494, 495, 499, 503, 505, 506, 513, 515, 516, 518, 519, 523, 525, 526, 528, 531, 536, 540, 543, 544, 548, 549, 550, 551, 552, 558, 562, 566, 568, 572, 575, 576, 579, 581, 582, 586, 588, 589, 593, 594, 596, 602, 612, 615, 616, 617, 618, 622, 625, 627, 629, 630, 632, 635, 639, 640, 642, 649, 652, 656, 659, 662, 665, 666, 667, 669, 672, 676, 679, 684]
63 131[156]
4 5[0, 1, 682, 684, 688]
91 94[246, 321, 327]
37 39[8, 10, 15, 16, 17, 18, 20, 27, 30, 35, 37, 38, 44, 45, 49, 56, 74, 78, 84, 85, 88, 92, 93, 94, 97, 105, 106, 125, 127, 129, 134, 137, 138, 144, 145, 148, 152, 158, 215, 216, 222, 301, 318, 328, 351, 384, 388, 432, 435, 451, 504, 540, 553, 563, 572, 622, 670, 688]
160 163[197, 207, 209, 245, 258, 261, 310, 456]
62 63[49, 81, 94, 98, 103, 122, 125, 134, 156, 165, 653]
26 36[181]
52 53[145]
64 67[38]
23 27[19, 57, 60, 65, 70, 71, 79, 109, 119, 135, 155]
54 55[13, 42, 47, 54, 91, 100, 125, 126, 128, 134, 158, 159, 161, 162, 163, 164, 165, 166, 168, 179, 180, 181, 182, 183, 185, 189, 193, 195, 197, 200, 206, 207, 208, 209, 211, 212, 215, 220, 222, 224, 225, 231, 233, 235, 237, 238, 240, 242, 244, 247, 248, 251, 254, 257, 258, 261, 262, 263, 266, 270, 276, 280, 287, 291, 293, 294, 297, 298, 299, 301, 305, 307, 308, 309, 310, 314, 316, 324, 327, 328, 329, 330, 334, 336, 339, 344, 350, 351, 354, 356, 357, 360, 361, 364, 370, 372, 378, 390, 391, 397, 404, 405, 407, 409, 424, 425, 427, 433, 443, 445, 447, 450, 454, 455, 456, 459, 463, 467, 470, 474, 477, 480, 481, 483, 485, 489, 494, 498, 499, 504, 508, 509, 510, 517, 524, 527, 530, 536, 537, 543, 546, 548, 551, 559, 567, 569, 570, 573, 577, 579, 580, 589, 593, 594, 602, 606, 608, 612, 616, 625, 632, 633, 643, 645, 647, 649, 653, 660, 667, 669, 672]
48 54[566]
57 59[13, 138, 168, 201, 246, 284, 311, 321, 348, 388, 391, 405, 461, 474, 577, 626]
29 50[657]
99 101[10, 40, 81, 103, 112, 127, 134, 204, 246, 274, 388, 453, 488]
50 53[159, 161, 162, 163, 164, 165, 166, 168, 179, 180, 181, 182, 185, 189, 190, 192, 193, 195, 197, 200, 206, 207, 208, 209, 211, 212, 215, 216, 220, 221, 222, 224, 225, 226, 231, 233, 235, 237, 238, 242, 244, 245, 247, 248, 251, 254, 257, 258, 262, 263, 266, 267, 270, 273, 274, 276, 280, 283, 287, 290, 293, 294, 297, 298, 299, 300, 301, 303, 307, 308, 309, 310, 314, 316, 321, 324, 327, 328, 329, 330, 334, 336, 337, 339, 344, 347, 350, 351, 354, 355, 356, 357, 359, 360, 361, 362, 364, 370, 371, 372, 378, 390, 391, 393, 397, 404, 407, 408, 409, 410, 413, 420, 424, 425, 427, 431, 433, 434, 436, 437, 441, 450, 453, 454, 455, 456, 459, 461, 467, 470, 477, 480, 481, 483, 485, 488, 489, 494, 497, 498, 499, 504, 508, 509, 510, 517, 523, 524, 526, 530, 536, 537, 543, 546, 548, 557, 559, 567, 569, 570, 577, 579, 580, 586, 587, 589, 593, 594, 602, 606, 608, 612, 618, 625, 629, 630, 632, 633, 639, 643, 645, 647, 649, 653, 657, 667, 669, 672, 676, 680]
112 115[127, 209]
66 68[107, 185, 193, 208, 240, 251, 273, 288, 390, 395, 427, 435, 438, 445, 453, 461, 489, 503, 618, 625, 650, 669]
57 64[198]
97 100[198, 301, 311, 415]
199 201[197, 245, 255]
165 167[112, 261, 310, 456]
110 113[162, 179, 186, 190, 193, 203, 204, 207, 221, 225, 235, 238, 239, 242, 243, 245, 248, 252, 256, 261, 263, 308, 310, 318, 327, 334, 337, 341, 357, 387, 407, 408, 453, 456, 488, 503, 530, 629, 633, 666]
58 62[365, 485]
165 168[179, 193, 197, 207, 209, 245, 252, 255, 258]
55 57[13, 161, 168, 198, 200, 201, 216, 220, 233, 264, 276, 291, 305, 311, 329, 339, 360, 391, 405, 413, 419, 432, 433, 438, 443, 467, 474, 499, 527, 543, 546, 551, 573, 577, 616, 640, 660, 662]
154 170[225]
41 45[587]
67 70[159, 168, 198, 216, 233, 361, 364, 398, 451, 597, 630, 653, 684]
34 43[365]
23 68[94]
29 31[0, 11, 13, 16, 18, 30, 38, 43, 45, 47, 49, 54, 58, 67, 85, 91, 94, 97, 98, 100, 106, 111, 125, 126, 127, 128, 131, 134, 140, 145, 148, 156, 163, 164, 197, 207, 258, 285, 312, 325, 328, 333, 369, 398, 445, 478, 481, 485, 488, 501, 507, 522, 530, 534, 542, 554, 578, 600, 606, 607, 636, 645, 677, 688]
32 34[13, 170, 172, 194, 348, 427, 485, 499, 551, 560, 562, 600, 677, 680, 684]
79 89[180]
38 45[224, 251, 325, 336, 605]
45 57[626]
30 34[211]
64 81[242]
5 13[280, 285, 296, 300, 302, 306, 316, 317, 319, 320, 323, 324, 327, 330, 334, 336, 337, 346, 348, 354, 357, 361, 363, 368, 373, 374, 380, 383, 387, 390, 396, 399, 404, 406, 410, 420, 423, 424, 426, 431, 434, 437, 440, 450, 453, 460, 463, 476, 477, 480, 482, 486, 498, 516, 523, 530, 535]
72 74[125, 159, 236, 274, 294, 362, 365, 398, 435, 451, 537, 563, 580, 584]
190 192[209, 261]
58 63[441]
49 51[30, 67, 90, 142, 186, 191, 199, 213, 219, 240, 243, 246, 375, 380, 383, 415, 419, 429, 435, 443, 471, 512, 514, 528, 568, 590, 591, 640]
69 70[162, 165, 175, 176, 179, 181, 182, 185, 188, 190, 191, 194, 197, 200, 201, 206, 207, 210, 215, 219, 225, 226, 229, 231, 235, 237, 238, 239, 245, 249, 252, 255, 257, 258, 261, 262, 267, 287, 297, 301, 307, 310, 311, 318, 337, 342, 347, 348, 351, 354, 357, 365, 370, 371, 374, 378, 384, 387, 388, 397, 407, 410, 411, 414, 415, 417, 420, 431, 447, 461, 470, 477, 478, 480, 490, 503, 513, 514, 523, 530, 544, 552, 553, 557, 559, 560, 563, 579, 590, 602, 609, 612, 620, 623, 625, 629, 639, 645, 649, 652, 666, 672, 676]
215 218[182, 207, 245]
69 74[195]
149 150[180, 182, 207, 236, 238, 246, 255, 258, 310, 434]
109 116[434]
13 15[6, 9, 10, 13, 16, 19, 26, 28, 33, 34, 36, 38, 40, 42, 45, 49, 53, 56, 58, 60, 61, 63, 64, 65, 66, 67, 71, 72, 73, 76, 78, 79, 81, 85, 89, 90, 92, 94, 97, 98, 101, 103, 106, 107, 108, 110, 111, 112, 116, 119, 122, 126, 127, 129, 130, 133, 134, 137, 138, 142, 145, 146, 148, 155, 156, 157, 158, 161, 162, 164, 165, 167, 174, 177, 179, 180, 181, 183, 184, 186, 188, 189, 190, 193, 195, 197, 198, 202, 203, 204, 206, 207, 210, 212, 213, 215, 217, 220, 221, 222, 224, 227, 230, 237, 238, 240, 242, 244, 245, 248, 251, 255, 257, 258, 261, 262, 263, 265, 270, 272, 276, 280, 283, 285, 291, 296, 298, 299, 300, 302, 306, 307, 316, 317, 319, 320, 323, 324, 326, 327, 330, 334, 335, 336, 337, 338, 346, 347, 348, 354, 356, 357, 360, 361, 363, 368, 371, 373, 374, 378, 380, 383, 387, 390, 396, 399, 400, 404, 406, 410, 419, 420, 423, 424, 426, 431, 433, 434, 437, 440, 450, 453, 460, 463, 476, 477, 480, 486, 498, 516, 523, 526, 530, 535, 546, 572, 575, 576, 579, 587, 588, 596, 599, 608, 613, 615, 617, 621, 622, 626, 629, 632, 633, 636, 638, 641, 644, 648, 651, 654, 658, 665, 671, 672, 675, 676, 681, 688]
36 69[236]
51 64[191]
135 137[163, 188, 236, 243, 263, 308, 368, 579]
46 60[315, 442]
23 29[312, 554]
119 122[40, 81, 97, 103, 112, 126, 136, 156]
32 45[461]
3 35[209, 584, 590]
130 133[162, 179, 180, 182, 186, 188, 190, 197, 204, 209, 221, 222, 225, 235, 236, 245, 246, 248, 252, 255, 258, 263, 308, 310, 337, 341, 368]
34 39[7, 36, 58, 147, 221, 334, 630, 684]
144 160[456]
99 109[173]
148 150[209, 225, 235, 243, 261, 337, 666]
114 115[40, 81, 97, 103, 112, 126, 134, 136, 145, 179, 186, 190, 191, 203, 204, 212, 225, 235, 239, 243, 245, 248, 256, 261, 263, 310, 311, 334, 335, 337, 338, 355, 357, 387, 407, 408, 411, 422, 454, 456, 488, 497, 530, 567, 629]
5 29[369, 481, 485, 488]
3 8[245]
6 29[163]
42 75[204]
204 206[190]
65 68[162, 166, 175, 176, 179, 181, 182, 183, 188, 189, 190, 194, 195, 197, 200, 206, 207, 209, 210, 212, 215, 219, 222, 224, 225, 226, 229, 231, 235, 237, 238, 245, 248, 249, 252, 255, 257, 258, 261, 262, 270, 283, 287, 293, 297, 298, 301, 307, 310, 311, 314, 324, 337, 342, 347, 348, 351, 354, 356, 357, 362, 370, 371, 374, 378, 383, 387, 388, 393, 397, 404, 407, 411, 414, 415, 417, 420, 424, 431, 432, 447, 470, 477, 478, 480, 490, 513, 523, 527, 530, 544, 552, 553, 559, 560, 569, 579, 586, 590, 602, 612, 620, 623, 629, 639, 645, 649, 652, 666, 672, 676]
92 94[37, 126, 180, 188, 194, 243, 328, 348, 415, 425, 481, 517, 580, 620, 647]
210 213[182, 207, 258]
193 196[190, 258]
64 70[450, 494, 584, 587]
66 67[18, 30, 35, 40, 47, 49, 63, 66, 70, 71, 74, 76, 78, 81, 92, 93, 97, 98, 103, 112, 116, 122, 125, 126, 129, 133, 134, 137, 144, 152, 156, 164, 191, 198, 201, 239, 244, 247, 328, 335, 344, 498, 507, 567, 580, 633, 635, 643, 667, 684]
100 101[191, 243, 307, 379, 500, 524, 570, 629]
14 23[447]
174 180[252]
115 120[222]
185 187[261]
32 35[16, 19, 30, 49, 70, 85, 98, 131, 138, 186, 239, 401, 550, 640]
124 131[193]
51 54[183, 261, 305, 435, 551]
73 80[341]
159 175[337]
92 96[379]
109 112[422]
27 35[246]
188 190[145, 258]
129 130[162, 179, 182, 188, 190, 197, 204, 209, 225, 235, 242, 245, 246, 255, 258, 263, 274, 310, 368]
26 29[0, 47, 165, 191, 452, 536, 611]
96 97[481, 524]
140 143[179, 180, 182, 190, 193, 197, 207, 209, 222, 225, 235, 236, 245, 252, 255, 258, 261, 308, 357, 456, 460, 666]
18 20[43, 51, 57, 83, 89, 90, 91, 96, 117, 118, 144, 149, 154, 170, 183, 217, 227, 288, 333, 392, 396, 402, 444, 452, 579, 581, 589, 621, 633, 636, 658, 671, 682, 688]
119 126[456]
49 55[252, 417, 432, 552, 576]
97 101[411]
80 81[198, 342, 395, 594, 684]
0 3[5, 14, 23, 32, 34, 35, 36, 37, 38, 39, 40, 41, 42, 43, 44, 45, 46, 47, 48, 49, 50, 51, 53, 54, 55, 56, 57, 58, 59, 60, 61, 62, 63, 64, 65, 66, 68, 70, 71, 72, 73, 74, 75, 76, 77, 78, 79, 80, 81, 82, 83, 84, 85, 86, 87, 88, 89, 90, 91, 92, 93, 95, 96, 97, 98, 99, 100, 101, 102, 103, 104, 106, 107, 108, 109, 110, 111, 112, 113, 114, 115, 116, 118, 120, 121, 122, 123, 124, 125, 126, 127, 128, 129, 130, 131, 132, 133, 134, 135, 136, 137, 138, 139, 140, 141, 143, 144, 145, 146, 148, 149, 150, 152, 153, 154, 155, 157, 158, 159, 160, 161, 162, 163, 165, 166, 167, 168, 169, 171, 172, 173, 174, 175, 176, 177, 178, 179, 180, 181, 182, 183, 184, 185, 186, 187, 188, 189, 190, 191, 192, 193, 194, 195, 196, 197, 198, 199, 200, 201, 202, 203, 204, 205, 206, 207, 208, 209, 210, 211, 212, 213, 214, 216, 217, 218, 219, 220, 221, 222, 223, 224, 225, 226, 227, 228, 229, 230, 231, 232, 233, 234, 235, 236, 237, 238, 239, 240, 241, 242, 243, 245, 246, 248, 249, 250, 252, 253, 254, 255, 256, 257, 258, 259, 260, 261, 262, 263, 264, 265, 266, 267, 268, 269, 270, 271, 272, 273, 274, 275, 276, 277, 286, 295, 304, 313, 322, 331, 340, 349, 358, 367, 376, 385, 394, 403, 412, 421, 430, 439, 448, 457, 466, 475, 484, 493, 502, 511, 520, 529, 538, 547, 556, 565, 574, 583, 592, 601, 610, 619, 628, 637, 646, 655, 664, 673, 685, 686, 687, 689]
86 92[684]
54 81[497]
106 109[553]
3 4[5, 14, 23, 32, 33, 34, 35, 36, 37, 38, 39, 40, 42, 43, 44, 45, 46, 47, 48, 49, 50, 51, 53, 54, 55, 56, 57, 58, 59, 60, 61, 62, 63, 64, 65, 66, 67, 68, 69, 70, 71, 72, 73, 74, 75, 76, 77, 78, 79, 80, 81, 82, 83, 84, 85, 87, 88, 89, 90, 91, 92, 93, 94, 95, 96, 97, 98, 99, 100, 101, 102, 103, 104, 105, 106, 107, 108, 109, 110, 111, 112, 113, 114, 115, 116, 119, 120, 121, 122, 123, 124, 125, 126, 127, 128, 129, 130, 131, 132, 133, 134, 135, 136, 137, 138, 139, 140, 141, 142, 143, 144, 145, 146, 147, 148, 149, 150, 152, 153, 154, 155, 156, 157, 160, 161, 162, 163, 169, 170, 171, 175, 176, 178, 184, 185, 188, 189, 190, 192, 196, 199, 200, 201, 204, 205, 207, 214, 223, 229, 231, 232, 233, 234, 241, 247, 250, 259, 261, 268, 273, 277, 286, 295, 304, 313, 322, 331, 340, 349, 358, 367, 376, 385, 394, 403, 412, 421, 430, 439, 448, 457, 466, 475, 484, 493, 502, 511, 520, 529, 538, 547, 556, 565, 566, 567, 568, 569, 573, 574, 575, 576, 578, 579, 583, 588, 589, 592, 593, 594, 595, 601, 602, 603, 607, 608, 610, 616, 617, 619, 620, 621, 622, 624, 628, 632, 633, 636, 637, 639, 646, 655, 661, 663, 664, 665, 666, 673, 679, 683, 685, 686, 687, 689]
76 79[183, 256, 424, 516, 594, 650]
33 34[127, 157, 159, 161, 162, 165, 166, 167, 168, 174, 175, 176, 179, 182, 184, 190, 193, 197, 199, 200, 203, 208, 210, 213, 215, 216, 218, 221, 225, 226, 227, 228, 229, 231, 233, 235, 238, 240, 242, 245, 248, 249, 252, 254, 255, 258, 260, 263, 266, 269, 270, 273, 282, 283, 284, 287, 288, 289, 290, 291, 293, 296, 297, 300, 301, 302, 303, 307, 310, 311, 314, 317, 320, 324, 325, 326, 327, 330, 334, 337, 341, 345, 347, 350, 351, 357, 360, 361, 364, 365, 366, 368, 371, 373, 374, 377, 378, 380, 381, 383, 386, 387, 390, 393, 395, 396, 397, 400, 404, 407, 409, 410, 411, 414, 416, 420, 424, 426, 429, 431, 432, 434, 437, 438, 441, 443, 446, 447, 450, 452, 456, 460, 463, 467, 470, 474, 477, 479, 480, 483, 487, 490, 494, 495, 503, 506, 512, 513, 515, 516, 518, 519, 523, 526, 527, 528, 531, 536, 540, 543, 544, 548, 549, 552, 558, 566, 572, 573, 576, 579, 582, 585, 586, 588, 589, 591, 593, 594, 596, 597, 602, 603, 607, 608, 609, 612, 615, 616, 618, 622, 625, 627, 629, 630, 632, 635, 636, 639, 641, 642, 645, 649, 652, 654, 659, 662, 665, 666, 667, 669, 670, 672, 676, 678]
19 35[271, 415, 643]
91 93[40, 81, 97, 103, 112, 134, 145, 156, 189, 193, 203, 235, 239, 307, 310, 357, 359, 447, 497, 553, 629]
156 157[434]
81 95[212]
69 85[328]
96 98[203, 204, 225, 231, 252, 338, 371, 408, 488]
163 164[126, 136, 197, 207, 245, 310, 456]
61 66[390]
58 59[10, 17, 18, 35, 37, 40, 42, 45, 49, 54, 60, 63, 64, 66, 67, 71, 76, 78, 81, 84, 92, 93, 97, 98, 100, 107, 112, 116, 122, 125, 126, 128, 129, 133, 134, 144, 148, 152, 159, 162, 163, 164, 165, 166, 175, 176, 179, 180, 181, 182, 183, 185, 186, 188, 189, 192, 193, 195, 197, 206, 207, 208, 209, 211, 212, 215, 222, 224, 225, 226, 231, 235, 237, 238, 242, 243, 244, 247, 248, 251, 252, 254, 255, 257, 258, 261, 262, 263, 280, 287, 288, 290, 293, 294, 297, 298, 299, 301, 307, 308, 309, 310, 314, 316, 324, 327, 328, 330, 334, 335, 336, 350, 351, 354, 356, 357, 361, 364, 370, 372, 374, 378, 380, 390, 397, 404, 407, 408, 409, 425, 427, 445, 447, 450, 454, 456, 459, 463, 480, 481, 483, 489, 494, 498, 503, 504, 508, 510, 517, 524, 530, 536, 537, 552, 559, 567, 569, 570, 580, 582, 584, 586, 587, 589, 593, 594, 608, 612, 613, 622, 625, 630, 632, 633, 635, 642, 643, 645, 647, 649, 652, 666, 669]
33 36[473]
10 30[512, 591]
80 82[166, 204, 219, 233, 239, 253, 270, 288, 332, 361, 362, 432, 447, 458, 477, 560, 602, 609, 623, 645, 649, 652]
79 81[159, 176, 181, 185, 188, 206, 212, 251, 257, 262, 314, 407, 427, 643, 669]
21 24[191, 372, 443, 487, 517, 581, 684]
121 124[180, 235]
33 35[65, 154, 158, 173, 183, 185, 202, 207, 278, 294, 309, 318, 328, 339, 355, 382, 384, 388, 419, 435, 436, 454, 469, 478, 491, 517, 525, 530, 546, 568, 587, 604, 605, 626, 633, 660, 663, 679]
59 75[246, 284]
47 48[42, 54, 67, 84, 90, 93, 98, 100, 105, 194, 198, 305, 447]
106 108[10, 163, 182, 209, 236, 255, 274, 318, 354, 453, 454, 460, 497, 500, 516, 684]
158 159[136, 145, 182, 190, 207, 235, 236, 243, 255, 310, 337, 341]
54 60[194, 245, 283, 337, 347, 371, 375, 410, 523, 639, 657]
124 128[261]
17 40[298]
183 190[207, 255]
93 94[163, 165, 173, 186, 189, 193, 200, 203, 204, 207, 221, 222, 226, 236, 238, 249, 256, 258, 263, 284, 294, 297, 308, 314, 317, 324, 330, 334, 335, 341, 368, 371, 372, 397, 407, 408, 410, 417, 422, 424, 434, 435, 437, 447, 453, 454, 456, 488, 490, 500, 510, 516, 524, 526, 530, 559, 567, 570, 579, 608, 626, 633]
203 206[207]
11 14[684]
63 70[290]
18 19[0, 1, 2, 3, 6, 10, 11, 13, 15, 16, 17, 18, 20, 26, 27, 30, 34, 36, 40, 44, 47, 48, 52, 55, 56, 60, 62, 63, 66, 71, 73, 76, 79, 80, 81, 84, 99, 102, 103, 107, 110, 112, 116, 119, 120, 122, 124, 125, 131, 133, 136, 140, 142, 147, 148, 152, 155, 156, 167, 168, 172, 174, 175, 177, 181, 182, 188, 189, 195, 199, 200, 202, 206, 210, 211, 212, 213, 216, 218, 222, 225, 228, 231, 235, 237, 240, 249, 252, 260, 261, 266, 270, 271, 273, 278, 279, 287, 290, 293, 296, 297, 300, 302, 303, 306, 310, 314, 325, 335, 338, 341, 344, 346, 350, 351, 364, 366, 370, 373, 377, 391, 393, 397, 399, 407, 409, 414, 416, 417, 419, 423, 432, 436, 443, 446, 456, 461, 462, 464, 465, 467, 470, 473, 474, 483, 486, 487, 489, 490, 494, 495, 496, 498, 499, 503, 505, 506, 508, 509, 513, 516, 518, 519, 525, 528, 536, 539, 540, 542, 543, 546, 548, 550, 551, 552, 555, 559, 566, 571, 582, 585, 586, 595, 598, 602, 605, 606, 612, 613, 618, 622, 625, 631, 635, 638, 639, 640, 641, 642, 644, 645, 649, 654, 660, 662, 663, 666, 668, 669, 670, 674, 678, 679]
12 13[183, 683]
86 87[112, 194, 215, 253, 287, 288, 335, 427, 431, 470, 587]
69 84[209, 335]
153 155[245, 337]
20 21[117, 118, 443, 581, 621, 633, 636, 671, 684, 688]
195 197[252, 261]
39 40[8, 38, 39, 85, 90, 131, 138, 145, 157, 162, 164, 166, 172, 174, 179, 182, 183, 184, 186, 190, 197, 200, 203, 209, 210, 211, 215, 216, 221, 225, 227, 229, 231, 233, 235, 238, 240, 242, 245, 248, 252, 254, 255, 258, 263, 266, 269, 271, 273, 274, 276, 281, 283, 284, 287, 289, 290, 291, 293, 296, 297, 299, 300, 302, 303, 305, 307, 309, 310, 311, 314, 317, 318, 328, 330, 334, 337, 339, 341, 342, 344, 347, 350, 351, 357, 361, 364, 368, 369, 370, 378, 379, 380, 383, 384, 387, 388, 390, 391, 393, 395, 396, 397, 398, 400, 401, 404, 407, 410, 411, 413, 415, 417, 419, 420, 422, 424, 431, 433, 434, 435, 438, 441, 447, 450, 451, 452, 453, 455, 463, 467, 469, 471, 477, 480, 481, 483, 488, 490, 494, 497, 499, 501, 504, 506, 509, 512, 516, 519, 521, 522, 526, 527, 528, 535, 536, 537, 540, 541, 543, 544, 546, 550, 551, 552, 553, 555, 558, 562, 570, 572, 573, 576, 577, 580, 582, 586, 589, 591, 593, 599, 600, 604, 606, 608, 612, 615, 618, 622, 625, 627, 630, 632, 635, 640, 642, 643, 645, 649, 652, 654, 660, 662, 663, 669, 670, 672, 678, 679, 680]
39 44[315, 348, 375, 442]
114 125[453]
136 137[633]
28 30[7, 19, 35, 37, 65, 66, 70, 73, 74, 78, 90, 92, 110, 116, 122, 129, 137, 142, 144, 151, 154, 157, 183, 211, 228, 254, 269, 344, 351, 406, 423, 546, 585, 603, 623, 647, 651, 668, 670, 678]
39 49[514, 568, 590]
21 26[290]
58 60[7, 91, 94, 103, 156, 158, 210, 216, 240, 249, 266, 267, 270, 325, 344, 362, 383, 393, 400, 417, 424, 431, 438, 455, 464, 477, 478, 491, 509, 544, 579, 590, 600, 653, 667, 672, 676]
113 115[173, 180, 182, 222, 238, 242, 255, 274, 318, 460, 500, 503, 633, 684]
21 25[233, 366, 558]
47 49[30, 142, 183, 278, 300, 318, 375, 432, 551, 577, 618, 620, 640, 642, 653]
17 20[198, 291, 305, 427, 469, 531, 533, 534, 611, 648, 651, 684]
15 16[22, 37, 38, 42, 67, 72, 85, 87, 97, 105, 108, 111, 127, 134, 137, 138, 146, 158, 162, 165, 179, 183, 186, 190, 193, 197, 203, 207, 215, 217, 221, 227, 238, 242, 245, 248, 255, 258, 261, 263, 272, 276, 280, 283, 291, 300, 307, 317, 320, 323, 324, 326, 327, 330, 334, 335, 336, 337, 347, 354, 356, 357, 360, 361, 363, 368, 371, 374, 378, 380, 383, 387, 390, 400, 404, 406, 410, 420, 424, 426, 431, 434, 437, 450, 453, 460, 463, 476, 477, 480, 516, 523, 526, 530, 535, 576, 579, 588, 596, 599, 608, 615, 617, 629, 632, 633, 672, 676]
48 51[54, 84, 93, 98, 100, 105, 684]
42 45[38, 97, 142, 189, 418, 530, 541, 544]
133 134[162, 180, 182, 197, 204, 221, 222, 235, 236, 245, 248, 255, 258, 263, 308, 310, 337, 341, 368]
144 146[163, 225, 261, 460]
21 29[478]
118 119[162, 179, 186, 190, 191, 197, 203, 204, 225, 238, 242, 245, 248, 252, 255, 256, 261, 310, 334, 337, 338, 357, 407, 456, 460, 530, 567, 579, 629, 633, 684]
37 55[513, 666]
29 35[274, 280, 305, 342, 391, 509, 541, 570, 580, 599]
94 101[188]
3 12[249]
40 43[8, 39, 90, 131, 145, 157, 161, 162, 163, 164, 165, 166, 172, 173, 174, 179, 182, 183, 185, 186, 190, 192, 195, 197, 200, 201, 202, 203, 207, 209, 210, 211, 213, 215, 216, 220, 221, 225, 229, 231, 235, 238, 240, 242, 245, 246, 248, 252, 253, 254, 255, 256, 258, 263, 266, 269, 270, 273, 274, 278, 281, 283, 284, 287, 289, 290, 291, 293, 294, 297, 298, 299, 300, 303, 305, 307, 308, 309, 310, 311, 314, 317, 318, 321, 324, 328, 329, 330, 332, 334, 337, 339, 341, 342, 344, 345, 347, 350, 351, 355, 356, 357, 359, 364, 368, 369, 370, 372, 379, 380, 383, 384, 387, 388, 390, 391, 393, 395, 396, 397, 398, 400, 404, 407, 408, 410, 411, 413, 415, 417, 419, 420, 422, 424, 425, 428, 431, 433, 434, 435, 436, 437, 441, 446, 447, 450, 451, 453, 454, 455, 458, 459, 463, 467, 469, 471, 477, 480, 481, 483, 485, 488, 489, 490, 494, 497, 498, 499, 500, 501, 504, 506, 508, 509, 510, 512, 516, 517, 519, 521, 522, 526, 527, 528, 536, 537, 540, 546, 551, 552, 553, 555, 557, 562, 566, 567, 570, 572, 573, 576, 577, 580, 582, 586, 589, 591, 593, 600, 602, 606, 608, 612, 613, 615, 618, 620, 622, 625, 626, 627, 630, 632, 633, 635, 640, 642, 643, 645, 647, 649, 650, 652, 654, 660, 662, 667, 669, 672, 678, 680]
170 173[179, 193, 207, 252, 255]
10 29[522]
20 23[57, 85, 125, 158, 161, 162, 165, 167, 168, 172, 175, 176, 179, 182, 183, 197, 200, 207, 210, 211, 213, 215, 216, 217, 218, 221, 225, 227, 228, 231, 234, 235, 238, 242, 245, 248, 249, 252, 258, 260, 263, 265, 266, 269, 270, 273, 276, 278, 279, 280, 282, 283, 287, 289, 292, 293, 297, 305, 310, 314, 320, 324, 325, 326, 327, 330, 333, 337, 338, 341, 344, 347, 354, 357, 360, 364, 371, 373, 374, 378, 381, 386, 390, 395, 400, 404, 407, 414, 416, 418, 423, 426, 427, 429, 431, 432, 434, 437, 438, 441, 445, 446, 452, 453, 460, 461, 462, 467, 469, 470, 473, 477, 479, 483, 494, 495, 499, 505, 506, 509, 513, 515, 516, 518, 523, 525, 527, 528, 531, 534, 535, 539, 542, 543, 546, 550, 551, 555, 559, 562, 564, 566, 568, 571, 572, 576, 577, 578, 582, 585, 586, 588, 593, 596, 598, 602, 604, 605, 607, 608, 611, 612, 615, 616, 617, 618, 622, 625, 629, 630, 631, 632, 635, 639, 640, 641, 642, 644, 645, 648, 649, 651, 652, 653, 660, 662, 663, 665, 666, 667, 669, 672, 676, 678, 679]
0 1[0, 1, 2, 3, 4, 6, 7, 8, 9, 10, 11, 12, 13, 15, 16, 17, 18, 19, 20, 21, 22, 24, 25, 26, 27, 28, 29, 30, 31, 117, 279, 280, 282, 283, 284, 285, 287, 289, 290, 291, 292, 293, 294, 296, 297, 298, 299, 300, 301, 302, 303, 305, 306, 307, 308, 309, 310, 311, 312, 314, 315, 316, 317, 318, 319, 320, 321, 323, 324, 325, 326, 327, 328, 329, 330, 332, 333, 334, 335, 336, 337, 338, 339, 341, 342, 343, 344, 345, 346, 347, 348, 350, 351, 352, 353, 354, 355, 356, 357, 359, 360, 361, 362, 363, 364, 365, 366, 368, 369, 370, 371, 372, 373, 374, 375, 377, 378, 379, 380, 381, 382, 383, 384, 386, 387, 388, 389, 390, 391, 392, 393, 395, 396, 397, 398, 399, 400, 401, 402, 404, 405, 406, 407, 408, 409, 410, 411, 413, 414, 415, 416, 417, 418, 419, 420, 423, 424, 426, 427, 428, 429, 431, 432, 433, 434, 435, 436, 437, 438, 440, 441, 442, 443, 444, 445, 446, 447, 449, 450, 451, 452, 453, 454, 455, 456, 458, 459, 460, 461, 462, 463, 464, 465, 467, 468, 469, 470, 471, 472, 473, 474, 476, 477, 478, 479, 480, 481, 482, 483, 485, 486, 487, 488, 489, 490, 491, 492, 494, 495, 496, 497, 498, 499, 500, 501, 503, 504, 505, 506, 507, 508, 509, 510, 512, 513, 514, 515, 516, 517, 518, 519, 521, 522, 523, 524, 525, 526, 527, 528, 530, 531, 532, 533, 534, 535, 536, 537, 539, 540, 541, 542, 543, 544, 545, 546, 548, 549, 550, 551, 552, 553, 554, 555, 557, 558, 559, 560, 561, 562, 563, 564, 567, 568, 569, 570, 571, 572, 573, 575, 576, 577, 578, 579, 580, 581, 582, 584, 585, 586, 587, 588, 589, 590, 591, 593, 594, 595, 596, 597, 598, 599, 600, 602, 603, 604, 605, 606, 607, 608, 609, 611, 612, 613, 614, 615, 616, 617, 618, 620, 621, 622, 623, 624, 625, 626, 627, 629, 630, 631, 632, 633, 634, 635, 636, 638, 639, 640, 641, 642, 643, 644, 645, 647, 648, 649, 650, 651, 652, 653, 654, 656, 657, 658, 659, 660, 661, 662, 663, 665, 666, 667, 668, 669, 670, 671, 672, 674, 675, 676, 677, 678, 679, 680, 681, 682, 684, 688]
133 135[81, 145, 186, 188, 190, 225, 456, 579]
15 31[184]
62 65[216, 438, 527, 630, 639, 649]
24 27[9, 46, 75, 85, 126, 143, 145, 294, 684]
132 26[156]
83 100[625]
118 121[221, 243, 258, 434]
42 43[0, 1, 6, 10, 13, 15, 16, 17, 18, 20, 26, 27, 30, 35, 36, 37, 40, 42, 44, 45, 47, 54, 56, 58, 60, 63, 64, 66, 67, 70, 71, 72, 73, 76, 81, 83, 84, 88, 91, 92, 93, 94, 98, 100, 102, 105, 106, 107, 110, 112, 116, 119, 122, 125, 126, 127, 129, 133, 134, 136, 137, 144, 146, 147, 148, 151, 152, 155, 156, 198, 378, 688]
50 54[158]
107 109[40, 81, 103, 112, 126, 127, 134, 190, 198, 204, 311, 355, 408, 411, 567]
15 40[204, 220]
193 194[197, 207, 245, 252, 255]
68 75[395, 427, 453]
113 120[193]
21 22[117, 118, 230, 274, 294, 300, 323, 345, 346, 375, 391, 409, 425, 492, 496, 532, 561, 570, 573, 580, 587, 606, 621, 638, 670]
35 40[294, 355, 436, 454, 517, 626, 633]
189 190[197, 209, 245, 252, 261]
89 100[587]
92 100[318]
92 93[384]
115 116[127, 136, 173, 488, 500, 684]
47 70[256]
26 31[10, 36, 64, 88, 93, 560]
24 28[66, 73, 110, 116, 122, 351, 647]
17 34[171]
68 71[208, 251, 270, 273, 569, 650]
34 44[503]
72 75[30, 166, 239, 445, 594, 653]
77 81[369, 478]
43 46[172]
136 139[684]
69 71[18, 30, 38, 40, 49, 63, 74, 78, 93, 98, 116, 126, 127, 133, 136, 144, 152, 173, 183, 224, 236, 240, 253, 274, 283, 315, 356, 375, 383, 422, 424, 567, 580, 618, 680]
95 96[179, 242, 248]
155 159[126]
93 100[209, 357, 497]
23 132[156]
46 50[632]
37 45[194, 405, 470, 594]
44 60[317, 451, 560]
26 34[236]
1 2[0, 1, 8, 15, 16, 20, 26, 27, 576, 589, 593, 613, 635, 667]
69 90[222, 248]
7 13[28, 53, 61, 97, 108, 130]
10 15[171, 172, 199, 228, 231, 279, 293, 305, 364, 370, 377, 409, 436, 443, 469, 473, 490, 494, 499, 508, 509, 519, 525, 528, 555, 559, 582, 611, 639, 642, 679]
3 30[166, 609]
166 168[182, 190]
59 64[164, 201, 498, 524, 580]
6 7[71, 76, 92, 93, 98, 133, 137, 152, 170, 171, 199, 568, 603, 607]
114 120[666]
46 49[189, 191, 219, 270, 541]
64 85[372, 517]
149 151[112, 136, 145, 245]
3 45[243]
56 60[507, 563]
71 73[183, 189, 203, 208, 240, 251, 270, 273, 317, 334, 341, 383, 393, 463, 567, 569, 586, 650]
203 211[245]
74 81[559]
129 131[173, 357, 453]
18 21[38, 49, 58, 92, 98, 106, 126, 129, 145, 186]
34 41[360, 495]
26 35[219, 379, 442, 451, 521, 613]
145 147[222, 308, 327, 357]
13 20[667]
11 12[17, 18, 22, 30, 55, 87, 117, 136, 170, 183, 208, 233, 239, 260, 271, 278, 284, 288, 301, 311, 343, 345, 366, 381, 386, 395, 401, 418, 429, 438, 445, 447, 449, 452, 464, 472, 474, 496, 515, 527, 531, 532, 542, 548, 549, 554, 561, 564, 566, 568, 573, 577, 581, 595, 603, 614, 616, 624, 627, 630, 657, 663, 670, 674, 683]
4 9[613]
108 111[182, 246, 274, 460, 500]
7 8[0, 1, 2, 3, 6, 7, 8, 9, 11, 15, 16, 17, 19, 20, 21, 24, 26, 27, 29, 31, 33, 34, 36, 39, 42, 43, 44, 45, 46, 48, 51, 54, 55, 56, 57, 58, 60, 64, 65, 75, 79, 82, 83, 84, 88, 89, 91, 100, 101, 109, 111, 117, 119, 120, 124, 128, 135, 140, 143, 147, 148, 151, 153, 154, 683]
163 165[112, 209, 252, 255, 258, 261]
218 220[207]
68 80[288]
25 34[563]
205 208[182, 258]
78 79[10, 37, 40, 97, 133, 158, 162, 173, 175, 176, 179, 181, 182, 190, 194, 200, 201, 206, 225, 229, 231, 236, 238, 239, 245, 249, 251, 255, 257, 258, 262, 270, 274, 280, 281, 284, 297, 300, 307, 311, 318, 332, 337, 338, 342, 348, 351, 362, 368, 371, 379, 383, 384, 387, 398, 404, 407, 411, 414, 415, 417, 420, 422, 427, 431, 435, 450, 453, 458, 460, 470, 471, 477, 481, 488, 489, 490, 500, 503, 504, 513, 523, 526, 527, 530, 552, 553, 560, 579, 590, 602, 608, 612, 620, 625, 626, 629, 645, 652, 666, 669, 676]
83 84[18, 30, 71, 76, 92, 93, 98, 112, 133, 137, 152, 158, 162, 163, 165, 173, 175, 179, 183, 189, 190, 194, 203, 207, 208, 215, 229, 231, 236, 245, 249, 255, 257, 258, 273, 281, 284, 287, 290, 297, 300, 301, 307, 311, 318, 321, 337, 341, 351, 354, 355, 359, 368, 371, 379, 393, 398, 404, 410, 415, 417, 420, 422, 424, 427, 431, 434, 445, 456, 460, 471, 488, 489, 490, 500, 503, 513, 516, 524, 526, 527, 530, 553, 567, 579, 608, 612, 626, 629, 630, 653, 676]
34 36[64, 83, 159, 165, 170, 171, 198, 199, 216, 236, 253, 256, 287, 301, 308, 362, 377, 432, 500, 504, 518, 526, 553, 563, 573, 603, 607, 611, 653]
10 35[267, 405, 413, 428, 455]
83 105[387]
73 75[38, 197, 208, 219, 226, 233, 252, 256, 262, 270, 273, 321, 355, 393, 397, 437, 438, 481, 516, 527, 553, 567, 569, 602, 645, 650, 669, 684]
190 191[145, 258]
17 18[38, 117]
59 66[208, 288, 489, 669]
0 2[33, 52, 69, 105, 119, 142, 147, 151, 164, 170, 215, 244, 247, 251, 278, 281, 288, 422, 425, 566]
64 66[164, 185, 191, 193, 198, 201, 239, 240, 244, 247, 251, 300, 308, 321, 328, 335, 344, 355, 359, 435, 460, 461, 488, 498, 503, 507, 510, 524, 567, 580, 625, 633, 635, 643, 684]
154 155[112, 126, 136, 145, 180, 182, 190, 207, 209, 235, 236, 238, 255, 258, 308, 310, 341]
84 86[112, 188, 189, 194, 203, 209, 215, 253, 257, 287, 288, 307, 335, 355, 427, 431, 470, 587, 684]
143 146[112, 126, 136, 145, 209]
155 156[136, 145, 245]
3 28[623]
127 128[243, 308]
36 44[653]
180 182[193, 337]
84 106[255]
33 40[459]
161 163[252, 255]
140 142[162, 186, 204, 221, 684]
79 84[470, 587]
5 26[342]
37 38[207, 218, 280, 428, 603]
31 34[0, 1, 2, 6, 7, 8, 10, 11, 15, 17, 18, 20, 24, 26, 27, 35, 36, 37, 38, 40, 42, 44, 45, 47, 48, 54, 56, 58, 60, 62, 63, 64, 66, 67, 71, 72, 73, 74, 76, 78, 79, 80, 81, 83, 84, 88, 90, 91, 92, 93, 97, 100, 102, 103, 105, 106, 107, 110, 111, 112, 116, 119, 122, 125, 128, 129, 133, 134, 136, 137, 140, 142, 144, 145, 146, 147, 148, 151, 152, 155, 352, 534, 688]
79 83[47]
113 114[162, 179, 186, 190, 197, 203, 204, 207, 221, 225, 235, 239, 243, 245, 248, 252, 256, 261, 263, 308, 310, 327, 334, 337, 341, 357, 387, 407, 408, 453, 456, 488, 530, 629, 666]
0 16[683]
94 115[579]
169 171[209, 261]
61 63[10, 18, 30, 35, 37, 38, 66, 67, 74, 78, 93, 107, 116, 127, 136, 137, 138, 144, 145, 152, 183, 209, 247, 273, 298, 300, 451, 460, 602, 618, 632, 643, 684]
79 85[200, 201, 481, 580, 633]
85 86[238, 239, 246, 334]
32 33[127, 663]
198 199[197, 245, 255]
6 20[176, 234, 578]
76 78[10, 37, 40, 97, 133, 168, 182, 186, 189, 197, 203, 207, 221, 226, 251, 263, 334, 354, 387, 397, 437, 456, 597]
39 64[239]
50 51[7, 17, 18, 35, 37, 40, 45, 47, 49, 60, 62, 63, 64, 66, 70, 71, 72, 73, 74, 76, 78, 80, 85, 91, 92, 94, 102, 103, 106, 110, 112, 116, 122, 126, 127, 128, 129, 131, 133, 136, 137, 138, 144, 146, 148, 152, 155, 156, 183, 194, 201, 261, 305, 464, 541, 551, 688]
58 61[38, 136, 145, 557, 602]
14 24[239]
155 158[182, 190, 207, 235, 236, 255, 258, 310, 337, 341]
44 45[157, 161, 162, 163, 164, 165, 166, 168, 173, 179, 182, 185, 186, 190, 192, 195, 197, 200, 203, 207, 209, 211, 216, 220, 221, 231, 235, 238, 240, 242, 245, 246, 247, 248, 252, 253, 254, 255, 256, 258, 263, 266, 269, 273, 274, 276, 278, 280, 283, 284, 287, 289, 290, 291, 293, 294, 297, 298, 299, 300, 303, 307, 308, 309, 310, 311, 314, 316, 324, 327, 328, 329, 330, 332, 334, 337, 339, 341, 345, 347, 351, 355, 356, 359, 361, 364, 368, 369, 370, 372, 379, 380, 381, 383, 387, 390, 391, 393, 396, 397, 398, 400, 404, 407, 408, 410, 411, 413, 417, 419, 420, 422, 424, 425, 431, 433, 434, 435, 436, 441, 446, 447, 450, 453, 454, 455, 458, 459, 463, 467, 469, 471, 477, 480, 481, 483, 488, 489, 494, 495, 497, 498, 499, 501, 506, 508, 509, 512, 516, 517, 521, 522, 523, 524, 526, 531, 536, 537, 540, 543, 546, 551, 552, 562, 566, 567, 570, 572, 573, 576, 577, 579, 580, 589, 593, 600, 602, 606, 609, 612, 618, 622, 625, 627, 630, 633, 635, 639, 642, 643, 645, 647, 649, 650, 652, 654, 660, 663, 667, 669, 672, 678, 679, 680]
0 130[156]
59 70[481, 537, 608]
21 31[185]
167 170[112, 145]
8 10[245]
128 131[456, 579, 666]
88 90[158, 194, 209, 219, 238, 243, 249, 321, 330, 397, 407, 420, 425, 488, 497, 552, 553, 559, 612, 620]
34 50[226]
12 14[1, 4, 11, 17, 18, 24, 30, 43, 48, 51, 52, 54, 55, 57, 62, 70, 74, 75, 80, 83, 87, 91, 96, 99, 100, 102, 109, 114, 118, 121, 125, 128, 131, 135, 136, 139, 140, 143, 144, 149, 151, 154, 170, 208, 216, 233, 239, 249, 260, 271, 278, 284, 288, 301, 311, 325, 343, 345, 366, 386, 391, 401, 418, 429, 432, 438, 445, 447, 449, 452, 461, 464, 472, 474, 495, 496, 515, 527, 531, 532, 534, 541, 542, 548, 549, 551, 554, 561, 564, 566, 568, 573, 577, 581, 585, 595, 603, 606, 614, 616, 627, 630, 640, 657, 660, 663, 670, 674, 677]
28 41[279]
48 60[172]
34 40[167, 324, 566]
4 11[667]
57 58[216, 438]
71 75[66, 76, 138, 173, 253, 422]
16 19[22, 37, 72, 87, 97, 105, 111, 134, 146, 158, 165, 191, 193, 203, 215, 238, 245, 255, 263, 280, 321, 324, 330, 337, 354, 361, 371, 372, 378, 383, 390, 404, 420, 431, 450, 460, 477, 526, 537, 576, 596, 608, 629, 672]
117 119[40, 81, 103, 112, 126, 134, 145, 156, 298, 318]
16 26[389]
3 7[213, 228, 260, 585, 591, 611, 627, 641, 654, 677]
96 100[261]
144 145[179, 180, 182, 193, 207, 222, 235, 245, 246, 252, 258, 308, 357, 666]
126 128[180, 186, 248, 341, 456, 633]
133 136[193, 207, 209, 246, 666, 684]
223 224[182, 207]
39 55[175, 374, 584]
26 40[372, 425, 557]
168 169[179, 193, 197, 207, 209, 245]
56 65[553]
87 91[134]
63 64[38, 127, 158, 162, 166, 168, 175, 176, 179, 180, 181, 182, 185, 188, 189, 190, 192, 193, 194, 195, 197, 200, 206, 207, 210, 212, 215, 219, 222, 224, 225, 231, 235, 237, 238, 240, 242, 243, 244, 245, 247, 248, 249, 251, 252, 255, 257, 258, 261, 262, 267, 270, 287, 293, 294, 297, 300, 307, 308, 309, 310, 311, 314, 315, 317, 328, 330, 334, 335, 336, 337, 344, 347, 348, 350, 354, 356, 357, 361, 371, 372, 378, 380, 383, 397, 404, 407, 408, 410, 414, 417, 431, 447, 450, 460, 461, 483, 494, 503, 507, 510, 513, 514, 517, 523, 530, 536, 552, 559, 560, 569, 584, 586, 587, 589, 593, 597, 612, 623, 625, 633, 635, 643, 645, 666, 672, 676, 684]
181 183[112, 145]
43 45[10, 13, 17, 18, 30, 35, 37, 42, 45, 47, 64, 67, 74, 78, 84, 90, 92, 93, 94, 98, 105, 126, 127, 129, 134, 137, 144, 145, 148, 181, 183, 198, 201, 206, 215, 225, 237, 257, 262, 271, 279, 335, 357, 360, 365, 378, 409, 428, 443, 485, 527, 559, 603, 608, 626, 640, 662]
109 125[368]
8 13[9, 19, 33, 65, 89, 101]
74 86[235, 310]
115 119[97]
139 150[248, 341]
60 61[393, 451, 491, 590, 652, 684]
153 154[182, 190, 197, 207, 225, 235, 236, 238, 243, 255, 258, 308, 310, 341]
66 70[300, 460]
23 24[9, 46, 66, 73, 75, 85, 110, 116, 122, 126, 143, 145, 158, 161, 162, 167, 168, 172, 175, 176, 179, 182, 186, 190, 193, 197, 199, 200, 207, 210, 211, 213, 215, 216, 217, 218, 221, 225, 228, 231, 234, 235, 238, 242, 245, 248, 249, 252, 255, 258, 260, 263, 265, 266, 269, 270, 273, 276, 278, 279, 280, 282, 283, 287, 289, 292, 293, 297, 305, 307, 310, 314, 320, 324, 325, 326, 327, 330, 334, 335, 337, 338, 341, 344, 347, 351, 354, 357, 360, 361, 364, 368, 371, 373, 374, 378, 380, 381, 386, 387, 390, 393, 395, 397, 400, 404, 407, 410, 414, 416, 417, 418, 420, 423, 426, 427, 429, 431, 432, 434, 437, 438, 445, 446, 450, 452, 453, 460, 461, 462, 467, 469, 470, 473, 474, 477, 479, 483, 494, 495, 499, 505, 506, 509, 513, 515, 516, 518, 519, 523, 525, 526, 527, 528, 530, 531, 534, 535, 539, 540, 542, 543, 546, 548, 550, 551, 552, 555, 559, 562, 564, 566, 568, 569, 571, 572, 576, 577, 578, 582, 585, 586, 588, 593, 596, 598, 599, 602, 604, 605, 607, 608, 612, 615, 616, 617, 618, 622, 625, 629, 630, 631, 632, 633, 635, 636, 639, 640, 641, 642, 645, 649, 652, 653, 659, 660, 662, 663, 665, 666, 667, 669, 671, 672, 676, 678, 679]
139 146[243, 337]
59 76[186, 263, 456]
50 55[38, 81, 97, 107, 255, 400, 635]
103 104[127, 162, 179, 180, 186, 193, 203, 207, 209, 221, 222, 225, 231, 235, 236, 238, 242, 248, 252, 261, 263, 308, 310, 314, 327, 330, 334, 338, 341, 354, 357, 397, 407, 422, 434, 437, 454, 456, 490, 527, 530, 567]
138 140[163, 186, 190, 193, 207, 221, 235, 246, 261, 666]
78 85[168, 221, 569]
15 24[557]
94 95[37, 126, 163, 165, 173, 186, 189, 193, 194, 200, 207, 221, 222, 226, 236, 238, 243, 246, 249, 256, 258, 263, 294, 297, 308, 314, 317, 321, 324, 327, 328, 330, 334, 335, 341, 348, 368, 372, 397, 407, 410, 415, 417, 422, 425, 434, 437, 447, 453, 454, 456, 490, 510, 516, 517, 526, 530, 567, 570, 580, 608, 620, 633, 647]
150 152[180, 209, 246, 248, 261, 666]
104 110[397, 629]
45 47[10, 13, 17, 18, 30, 35, 37, 38, 42, 45, 47, 64, 67, 74, 78, 84, 90, 92, 93, 94, 97, 98, 105, 126, 127, 129, 134, 137, 142, 144, 145, 148, 157, 166, 183, 194, 198, 256, 269, 271, 278, 283, 289, 300, 325, 345, 381, 396, 405, 447, 495, 530, 531, 540, 551, 562, 572, 577, 600, 605, 618, 640, 642, 652, 659, 663, 667, 678]
44 46[76, 91, 102, 125, 128, 152, 156, 174, 191, 193, 199, 202, 219, 270, 305, 315, 318, 321, 348, 350, 373, 375, 432, 442, 479, 503, 504, 510, 528, 588, 591, 613, 615, 620, 632, 653, 684]
6 40[201, 567]
103 110[245]
124 126[136, 186, 191, 243, 308, 387, 488, 633]
49 65[387, 398, 411, 609, 620]
35 39[0, 6, 13, 26, 34, 39, 40, 43, 54, 60, 62, 63, 66, 70, 71, 72, 73, 76, 80, 81, 91, 98, 100, 103, 107, 110, 112, 116, 119, 122, 128, 131, 133, 136, 146, 155, 156, 587, 679]
25 27[29, 33, 39, 43, 51, 101, 134, 151, 154, 177, 180, 198, 217, 246, 265, 317, 391, 447, 460, 462, 463, 467, 539, 555, 559, 564, 571, 598, 631, 644, 648, 660, 663, 674, 675]
